"CHROM" "POS" "SNP" "A1_y" "A2_y" "b_y" "se_y" "pval(-log10)" "FCAS" "FCON" "IMPINFO" "NEFF" "NCAS" "NCON" "HETI" "HETDF" "HETPVAL" "p_y" "A2" "A1" "b" "se" "P" "N"
"1" 2 190526224 "rs1132360" "C" "T" 0.0058973552660839 0.0036 0.988429556402722 0.27 0.275 0.98 967078.32 357636 1281936 28 25 0.09346 0.1027 "C" "T" 0.059679 0.010898 4.38833728700364e-08 22133
"2" 2 203676105 "rs115400054" "T" "C" -0.0093031403261444 0.0048 1.29447838657733 0.12 0.12 0.985 967078.32 357636 1281936 0 25 0.9594 0.05076 "C" "T" -0.079366 0.014334 3.11099992042455e-08 22133
"3" 3 133465201 "rs8177186" "T" "G" 0.0086028888072678 0.0072 0.6345120151091 0.0501 0.0521 0.975 967078.32 357636 1281936 11.5 25 0.2969 0.232 "G" "T" -0.1604 0.021713 1.55238700995809e-13 22133
"4" 4 103188709 "rs13107325" "T" "C" 0.0222995074947669 0.0067 3.09642170633695 0.0626 0.0419 0.993 894544.46 336532 1111217 45.7 23 0.00826 0.0008009 "C" "T" 0.39956 0.018409 2.23872113856831e-103 22133
"5" 6 26072992 "rs144861591" "T" "C" -0.0131966945943913 0.0068 1.27810698378504 0.0599 0.0595 0.951 967078.32 357636 1281936 0 25 0.5543 0.05271 "C" "T" -0.1622 0.018025 2.46036760414762e-19 22133
"6" 8 23423669 "rs2942194" "G" "A" -0.001501126126267 0.0033 0.188827304933446 0.289 0.29 0.995 967078.32 357636 1281936 0 25 0.9142 0.6474 "A" "G" -0.062635 0.010671 4.42588372362627e-09 22133
"7" 9 19210177 "rs465423" "A" "G" 0.0045001103249234 0.0059 0.356152689700286 0.0948 0.0962 0.908 943460.54 349879 1257213 24.3 24 0.1342 0.4404 "A" "G" -0.10868 0.017491 5.27351274562439e-10 22133
"8" 10 18226714 "rs10430578" "A" "G" 0.003902375817241 0.004 0.488383979430862 0.236 0.229 0.962 925964.3 344772 1205250 0 18 0.9024 0.3248 "G" "A" -0.097097 0.011189 4.29536426764886e-18 22133
"9" 11 10474010 "rs11042812" "A" "G" -0.00050012504168224 0.0031 0.0635365259952531 0.458 0.461 0.991 943460.54 349879 1257213 0 24 0.566 0.8639 "G" "A" -0.06147 0.0095315 1.14841802407752e-10 22133
"10" 12 51417758 "rs2269684" "T" "A" 0.0125015292229252 0.0042 2.52258931209275 0.159 0.163 0.989 967078.32 357636 1281936 0 25 0.895 0.003002 "A" "T" 0.077308 0.013293 6.11786655821133e-09 22133
"11" 17 40741013 "rs12951632" "C" "T" 0.00069975511427326 0.0035 0.0756173227980269 0.269 0.275 0.994 967078.32 357636 1281936 9.9 25 0.3191 0.8402 "T" "C" -0.071596 0.010506 9.7050996724549e-12 22133
"12" 22 30953295 "rs2267161" "T" "C" -0.0094040800752939 0.0033 2.34872198600186 0.319 0.318 0.993 943460.54 349879 1257213 0 24 0.4866 0.00448 "C" "T" -0.067764 0.010343 5.82103217770872e-11 22133
"13" 22 37470604 "rs2072860" "G" "A" -0.0052959516591825 0.0031 1.08244197917456 0.459 0.447 0.987 967078.32 357636 1281936 24.2 25 0.1318 0.08271 "G" "A" -0.069694 0.0095621 3.23593656929628e-13 22133
"14" 22 50685332 "rs61748567" "A" "G" -0.00050012504168224 0.0114 0.0165541426586603 0.0204 0.0202 0.94 890424.06 337296 950607 0 24 0.6814 0.9626 "G" "A" -0.2415 0.036661 4.58141886714533e-11 22133
