"CHROM" "POS" "SNP" "A1_y" "A2_y" "b_y" "se_y" "pval(-log10)" "FCAS" "FCON" "IMPINFO" "NEFF" "NCAS" "NCON" "HETI" "HETDF" "HETPVAL" "p_y" "A2" "A1" "b" "se" "P" "N"
"1" 1 153773240 "rs12133923" "C" "A" 0.004701032558649 0.0033 0.798602875679548 0.489 0.491 0.989 956986.66 354629 1245686 0 20 0.5213 0.159 "C" "A" 0.056838 0.0095043 2.26151774610836e-09 22133
"2" 2 33764176 "rs13388394" "G" "A" 0.0321960982163169 0.0078 4.37840832414078 0.0403 0.0428 0.983 967078.32 357636 1281936 19.6 25 0.1863 4.184e-05 "A" "G" 0.15184 0.023768 1.71080298759933e-10 22133
"3" 2 190694175 "rs1233297" "T" "C" -0.005696192544881 0.0034 1.02104383478241 0.278 0.281 0.986 967078.32 357636 1281936 19.9 25 0.1826 0.09527 "C" "T" -0.060374 0.010746 1.95254027129865e-08 22133
"4" 4 14457534 "rs189184198" "T" "A" -0.0114047880634385 0.0115 0.489186989487504 0.0232 0.0242 0.876 921086.58 342749 1215938 0 20 0.798 0.3242 "A" "T" 0.20443 0.037154 3.79227654525362e-08 22133
"5" 4 103188709 "rs13107325" "T" "C" 0.0222995074947669 0.0067 3.09642170633695 0.0626 0.0419 0.993 894544.46 336532 1111217 45.7 23 0.00826 0.0008009 "C" "T" 0.42992 0.018378 1.41253754462277e-119 22133
"6" 6 25715657 "rs116009877" "A" "G" -0.0085968472255182 0.0066 0.71331903064507 0.0575 0.0574 0.979 967078.32 357636 1281936 21.1 25 0.1675 0.1935 "G" "A" -0.11472 0.018817 1.10077865589408e-09 22133
"7" 6 109009194 "rs1268162" "G" "A" -0.0021022080918701 0.0034 0.272540079142091 0.354 0.349 0.986 967078.32 357636 1281936 0 25 0.745 0.5339 "A" "G" -0.061136 0.01 9.90831944892768e-10 22133
"8" 8 22239587 "rs35305849" "A" "G" -0.0072965552326379 0.0035 1.42643222696078 0.257 0.262 0.988 967078.32 357636 1281936 0 25 0.7694 0.03746 "G" "A" -0.076995 0.010942 2.02768271952128e-12 22133
"9" 10 87317935 "rs4933373" "T" "G" -0.00079968017056424 0.0034 0.0950141189006367 0.311 0.292 0.989 936106.18 347935 1222884 36.1 20 0.05157 0.8035 "T" "G" -0.056872 0.010107 1.8565215723815e-08 22133
"10" 12 53785861 "rs7134628" "A" "G" 0.0126002819757384 0.005 1.92009553233328 0.104 0.102 0.989 967078.32 357636 1281936 0 25 0.8684 0.01202 "G" "A" 0.085538 0.015577 4.02995317501977e-08 22133
"11" 20 25216282 "rs6138545" "T" "C" 0.0011992805754821 0.0035 0.134540677338035 0.445 0.447 0.979 841507.98 323949 804611 31.4 23 0.07213 0.7336 "C" "T" -0.058651 0.0095548 8.47812860287505e-10 22133
"12" 20 49196930 "rs718050" "A" "G" 0.0112025145079934 0.0034 3.06788152797088 0.378 0.376 0.987 943460.54 349879 1257213 42.6 24 0.01362 0.0008553 "A" "G" 0.057847 0.0098682 4.6387396675603e-09 22133
"13" 22 38449394 "rs4821733" "G" "A" -0.0100988346774145 0.0031 2.88840147511961 0.416 0.395 0.983 943460.54 349879 1257213 0 24 0.6803 0.001293 "G" "A" -0.055173 0.0096176 9.7791250572124e-09 22133
