"CHROM" "POS" "SNP" "A1_y" "A2_y" "b_y" "se_y" "pval(-log10)" "FCAS" "FCON" "IMPINFO" "NEFF" "NCAS" "NCON" "HETI" "HETDF" "HETPVAL" "p_y" "A2" "A1" "b" "se" "P" "N"
"1" 2 200669108 "rs4673491" "A" "G" 0.0099008246772624 0.0041 1.83624247601804 0.175 0.19 0.983 967078.32 357636 1281936 20.5 25 0.1749 0.01458 "G" "A" -0.075203 0.013292 1.55202960078914e-08 21282
"2" 2 217940670 "rs12472626" "A" "G" 0.0114047182634361 0.0044 2.00802120900542 0.175 0.179 0.923 967078.32 357636 1281936 27.7 25 0.09584 0.009817 "G" "A" -0.073381 0.012931 1.40604752412991e-08 21282
"3" 3 193542675 "rs580606" "G" "A" 0.0029955089797983 0.0031 0.479647495916682 0.396 0.394 0.99 967078.32 357636 1281936 0 25 0.8961 0.3314 "A" "G" 0.059839 0.0098512 1.26648485285392e-09 21282
"4" 4 15149569 "rs10027331" "A" "G" -0.0054045784588597 0.0043 0.692290076595193 0.239 0.246 0.906 817890.2 316192 779888 0 22 0.644 0.2031 "G" "A" -0.065245 0.011177 5.37155466748664e-09 21282
"5" 4 89052323 "rs2231142" "T" "G" 0.0072039888485025 0.0049 0.837734385701978 0.106 0.102 1 967078.32 357636 1281936 17.1 25 0.2186 0.1453 "G" "T" -0.088084 0.015108 5.61694278355639e-09 21282
"6" 5 65006234 "rs16894235" "C" "T" -0.001100605444033 0.0038 0.110586235957291 0.254 0.263 0.969 942125.5 349300 1256425 24 24 0.1375 0.7752 "T" "C" 0.072801 0.01126 1.03157307943951e-10 21282
"7" 6 7871527 "rs3799537" "T" "C" 0.0044998604248922 0.0051 0.417595701980972 0.102 0.109 0.979 967078.32 357636 1281936 0 25 0.5726 0.3823 "C" "T" 0.10605 0.016925 3.77572190925416e-10 21282
"8" 7 55277964 "rs6593211" "A" "G" 0.0016985566355815 0.0038 0.18701983396052 0.271 0.284 0.978 967078.32 357636 1281936 0 25 0.8189 0.6501 "G" "A" -0.060888 0.011014 3.27189983623179e-08 21282
"9" 9 118918479 "rs10983068" "C" "T" 0 0.0035 0.00348832784582134 0.378 0.357 0.973 943460.54 349879 1257213 0 24 0.6635 0.992 "C" "T" -0.087158 0.0099251 1.7298163592151e-18 21282
"10" 12 102324872 "rs11111088" "C" "T" 0.0082954970241069 0.0033 1.88505558428742 0.464 0.46 0.986 943460.54 349879 1257213 1.6 24 0.4394 0.01303 "T" "C" -0.087887 0.0097093 1.52405275379729e-19 21282
"11" 12 107090616 "rs10778503" "T" "C" -0.0048015088161939 0.0037 0.720105019988362 0.337 0.318 0.987 859942.12 326455 1064993 0 23 0.8959 0.1905 "C" "T" 0.066842 0.010186 5.42000890401624e-11 21282
"12" 16 52684916 "rs12927162" "G" "A" -0.001300845733048 0.0036 0.140921775253031 0.275 0.28 0.968 940260 348949 1251483 12.3 23 0.2902 0.7229 "A" "G" 0.069637 0.010805 1.18358649196186e-10 21282
"13" 16 90051269 "rs76839250" "G" "A" -0.0199986465066899 0.0055 3.55909091793478 0.0906 0.104 0.98 918162.24 344289 1135940 13.8 24 0.2663 0.000276 "A" "G" 0.092537 0.016544 2.25527756674525e-08 21282
"14" 17 53872849 "rs17820301" "G" "A" 0.0235993322503243 0.015 0.936291440608583 0.016 0.0177 0.805 912586.82 340284 1198980 0 19 0.6944 0.1158 "A" "G" -0.23868 0.039903 2.24439865617832e-09 21282
"15" 20 25181998 "rs11698185" "C" "T" 0.0047984689115734 0.0032 0.854803593885818 0.471 0.471 0.993 967078.32 357636 1281936 34.6 25 0.04393 0.1397 "T" "C" -0.055704 0.0097502 1.12434605391249e-08 21282
"16" 20 61145196 "rs12479469" "A" "G" 0.0058031292269501 0.0037 0.960982678002588 0.341 0.341 0.929 959723.96 355692 1247607 3 21 0.4201 0.1094 "G" "A" -0.069501 0.010424 2.67300640866331e-11 21282
