"CHROM" "POS" "SNP" "A1_y" "A2_y" "b_y" "se_y" "pval(-log10)" "FCAS" "FCON" "IMPINFO" "NEFF" "NCAS" "NCON" "HETI" "HETDF" "HETPVAL" "p_y" "A2" "A1" "b" "se" "P" "N"
"1" 2 170631368 "rs12995559" "A" "G" 0.0019018072895963 0.0033 0.246646787358504 0.488 0.487 0.989 943460.54 349879 1257213 19.3 24 0.1938 0.5667 "A" "G" 0.053739 0.0097223 3.28700223968775e-08 21282
"2" 3 133476083 "rs8177235" "A" "G" 0.0021975835434872 0.0063 0.138226703281307 0.0632 0.0692 0.98 967078.32 357636 1281936 30.3 25 0.07358 0.7274 "G" "A" 0.1155 0.020417 1.55919344393225e-08 21282
"3" 4 103188709 "rs13107325" "T" "C" 0.0222995074947669 0.0067 3.09642170633695 0.0626 0.0419 0.993 894544.46 336532 1111217 45.7 23 0.00826 0.0008009 "C" "T" -0.35336 0.018865 1.16680961706094e-77 21282
"4" 5 176308657 "rs146173758" "T" "C" 0.0100988346774145 0.0101 0.499214827082544 0.0251 0.0245 0.942 961333.76 356113 1256741 0 22 0.5593 0.3168 "C" "T" -0.17338 0.030423 1.22292549762624e-08 21282
"5" 6 26072992 "rs144861591" "T" "C" -0.0131966945943913 0.0068 1.27810698378504 0.0599 0.0595 0.951 967078.32 357636 1281936 0 25 0.5543 0.05271 "C" "T" 0.16684 0.018337 9.9540541735153e-20 21282
"6" 8 22276251 "rs7000551" "G" "A" -0.0066017436345624 0.0032 1.39523411529611 0.359 0.368 0.994 943460.54 349879 1257213 0 24 0.9992 0.04025 "A" "G" 0.058392 0.010201 1.05462970589965e-08 21282
"7" 9 19210177 "rs465423" "A" "G" 0.0045001103249234 0.0059 0.356152689700286 0.0948 0.0962 0.908 943460.54 349879 1257213 24.3 24 0.1342 0.4404 "A" "G" 0.099518 0.017791 2.24957252942252e-08 21282
"8" 11 30533708 "rs547107" "T" "C" -0.0098018049722602 0.0034 2.36622865391744 0.277 0.275 0.987 967078.32 357636 1281936 0 25 0.5418 0.004303 "T" "C" 0.075236 0.010908 5.43250331492432e-12 21282
"9" 11 44636833 "rs2303865" "A" "G" 9.99950003332973e-05 0.0052 0.00797697223614937 0.138 0.132 0.846 967078.32 357636 1281936 30 25 0.07568 0.9818 "G" "A" 0.099481 0.014306 3.65594791613125e-12 21282
"10" 17 40735641 "rs10454087" "T" "C" 0.00069975511427326 0.0035 0.0798766737092761 0.269 0.275 0.994 918162.24 344289 1135940 14 24 0.2641 0.832 "C" "T" 0.059291 0.010699 3.02761048092313e-08 21282
"11" 21 40294368 "rs8126698" "A" "G" -0.0034041991335623 0.0034 0.505011026316832 0.351 0.366 0.989 967078.32 357636 1281936 0 25 0.5646 0.3126 "A" "G" 0.057732 0.010299 2.09942323803833e-08 21282
"12" 22 30953295 "rs2267161" "T" "C" -0.0094040800752939 0.0033 2.34872198600186 0.319 0.318 0.993 943460.54 349879 1257213 0 24 0.4866 0.00448 "C" "T" 0.07563 0.010537 7.31139083483419e-13 21282
"13" 22 37460449 "rs760719" "T" "C" 0.0036034995896235 0.0032 0.58236226034777 0.424 0.418 0.978 943460.54 349879 1257213 22.8 24 0.1514 0.2616 "C" "T" -0.068838 0.009786 2.06062991327e-12 21282
"14" 22 50665863 "rs142384028" "T" "C" -0.00080032017076915 0.0114 0.0238334998680248 0.02 0.0199 0.955 890424.06 337296 950607 0 24 0.5489 0.9466 "C" "T" 0.21431 0.037278 9.09703781477989e-09 21282
