"CHROM" "POS" "SNP" "A1_y" "A2_y" "b_y" "se_y" "pval(-log10)" "FCAS" "FCON" "IMPINFO" "NEFF" "NCAS" "NCON" "HETI" "HETDF" "HETPVAL" "p_y" "A2" "A1" "b" "se" "P" "N"
"1" 1 153954674 "rs10908578" "C" "T" -0.0054950702819798 0.0031 1.1453903619042 0.486 0.486 0.983 943460.54 349879 1257213 16.7 24 0.2274 0.07155 "T" "C" -0.066105 0.0096937 9.3972331056464e-12 21282
"2" 2 190492804 "rs13024726" "A" "G" 0.0040983869261633 0.0042 0.475733731233021 0.172 0.173 0.957 967078.32 357636 1281936 4.8 25 0.3936 0.3344 "A" "G" 0.087159 0.013247 4.83058802039772e-11 21282
"3" 2 198576142 "rs4850808" "T" "C" 0.005304041591906 0.003 1.1019882612025 0.472 0.453 0.989 967078.32 357636 1281936 0 25 0.5079 0.07907 "T" "C" 0.058691 0.0097749 1.95298991207568e-09 21282
"4" 3 13832611 "rs4685022" "A" "G" -0.0046989426564651 0.0034 0.780415473785745 0.354 0.351 0.975 967078.32 357636 1281936 0 25 0.6103 0.1658 "A" "G" -0.080633 0.010258 3.99944749761098e-15 21282
"5" 3 171437153 "rs9290432" "A" "G" 0.0077995046323817 0.0033 1.71242219092129 0.428 0.44 0.988 943460.54 349879 1257213 0 24 0.6891 0.01939 "G" "A" 0.083166 0.0098085 2.42102904673618e-17 21282
"6" 4 38677227 "rs34089598" "C" "A" -0.0051029981759033 0.0032 0.959397659885927 0.401 0.399 0.984 943460.54 349879 1257213 0 24 0.8137 0.1098 "A" "C" -0.070951 0.0098357 5.63637655825954e-13 21282
"7" 4 154216710 "rs893805" "A" "G" -0.001300845733048 0.0033 0.157141237554706 0.495 0.5 0.993 967078.32 357636 1281936 6.7 25 0.3657 0.6964 "G" "A" -0.063129 0.0096715 6.83911647281431e-11 21282
"8" 5 82860485 "rs67827860" "T" "C" -0.0034961042567088 0.0042 0.383524486111435 0.199 0.198 0.994 781371.12 298739 998415 25.6 23 0.1245 0.4135 "C" "T" -0.11108 0.012201 9.39723310564636e-20 21282
"9" 10 104655515 "rs4363528" "G" "A" -0.001300845733048 0.0037 0.14230574221345 0.303 0.3 0.998 781371.12 298739 998415 0 23 0.4672 0.7206 "A" "G" 0.058664 0.0106 3.16227766016838e-08 21282
"10" 11 44636547 "rs7935166" "A" "G" 0.0013990209137074 0.005 0.110194248131915 0.138 0.132 0.896 967078.32 357636 1281936 28.3 25 0.09035 0.7759 "G" "A" -0.14561 0.014254 1.93196831701693e-24 21282
"11" 13 30714792 "rs2388497" "C" "T" -0.0044998604248922 0.0035 0.715343717211484 0.378 0.392 0.972 943460.54 349879 1257213 8.8 24 0.3379 0.1926 "C" "T" 0.057757 0.010223 1.62629752101341e-08 21282
"12" 15 40915190 "rs8040502" "A" "G" 0.0073972926304747 0.0042 1.10540705207704 0.152 0.153 0.999 967078.32 357636 1281936 14.9 25 0.2484 0.07845 "A" "G" 0.092336 0.013417 6.06736329588505e-12 21282
"13" 16 29994922 "rs3814883" "T" "C" -0.0081027387031859 0.0033 1.84133601918601 0.465 0.46 0.984 943460.54 349879 1257213 33.9 24 0.05101 0.01441 "C" "T" -0.059082 0.0096889 1.09345269673092e-09 21282
"14" 16 51446384 "rs11641011" "T" "C" -0.0081027387031859 0.0032 1.94769090035268 0.458 0.454 0.993 967078.32 357636 1281936 15.1 25 0.2456 0.01128 "C" "T" -0.066841 0.0097172 6.20869034230063e-12 21282
"15" 17 27588806 "rs8614" "A" "C" 0.0061013488579762 0.0045 0.740406121114051 0.174 0.176 0.93 943460.54 349879 1257213 10.9 24 0.3078 0.1818 "C" "A" -0.07445 0.012515 2.74031192103027e-09 21282
"16" 19 4985300 "rs197152" "G" "A" -0.0055048206344449 0.0058 0.45742352373947 0.0874 0.0815 0.948 918162.24 344289 1135940 18.4 24 0.2053 0.3488 "G" "A" -0.10473 0.017207 1.1724653045823e-09 21282
"17" 20 31916110 "rs4911123" "G" "C" 0.0042992284528323 0.0036 0.621057301386563 0.332 0.327 0.936 963877.78 356706 1276206 0 24 0.5658 0.2393 "G" "C" 0.063106 0.010393 1.28706357625333e-09 21282
"18" 22 30953295 "rs2267161" "T" "C" -0.0094040800752939 0.0033 2.34872198600186 0.319 0.318 0.993 943460.54 349879 1257213 0 24 0.4866 0.00448 "C" "T" -0.065448 0.01054 5.41127991844283e-10 21282
