"CHROM" "POS" "SNP" "A1_y" "A2_y" "b_y" "se_y" "pval(-log10)" "FCAS" "FCON" "IMPINFO" "NEFF" "NCAS" "NCON" "HETI" "HETDF" "HETPVAL" "p_y" "A2" "A1" "b" "se" "P" "N"
"1" 1 153942597 "rs4845586" "G" "T" -0.0062998021485279 0.0031 1.38711023071252 0.475 0.477 0.988 967078.32 357636 1281936 9.5 25 0.3255 0.04101 "T" "G" -0.064254 0.0097012 3.59749335155742e-11 21282
"2" 1 205762406 "rs823154" "T" "C" 0.0012991557316201 0.0031 0.172243137021383 0.401 0.4 0.992 967078.32 357636 1281936 17.6 25 0.2121 0.6726 "C" "T" 0.072624 0.0099102 2.41546083444494e-13 21282
"3" 2 24432667 "rs2303295" "C" "G" -0.003902375817241 0.006 0.289967300934246 0.0836 0.0764 0.971 841507.98 323949 804611 0 23 0.7618 0.5129 "C" "G" 0.10484 0.017994 5.75042574770639e-09 21282
"4" 2 190553957 "rs920427" "T" "A" 0.0045001103249234 0.0037 0.638649975647734 0.282 0.286 0.969 943460.54 349879 1257213 24.9 24 0.128 0.2298 "T" "A" 0.064442 0.011047 5.51061411139065e-09 21282
"5" 3 13831304 "rs1368575" "C" "A" -0.0061013488579762 0.0035 1.08645104209348 0.363 0.357 0.97 943460.54 349879 1257213 0 24 0.6525 0.08195 "C" "A" -0.081728 0.010252 1.63681652142781e-15 21282
"6" 3 171483668 "rs11715665" "C" "T" 0.0075017910703226 0.0033 1.63059858630338 0.457 0.472 0.99 943460.54 349879 1257213 0 24 0.6864 0.02341 "T" "C" 0.060939 0.0097625 4.39541615437825e-10 21282
"7" 4 38677227 "rs34089598" "C" "A" -0.0051029981759033 0.0032 0.959397659885927 0.401 0.399 0.984 943460.54 349879 1257213 0 24 0.8137 0.1098 "A" "C" -0.066198 0.0098373 1.74984668862466e-11 21282
"8" 11 10474010 "rs11042812" "A" "G" -0.00050012504168224 0.0031 0.0635365259952531 0.458 0.461 0.991 943460.54 349879 1257213 0 24 0.566 0.8639 "G" "A" -0.061607 0.0097253 2.42605141178253e-10 21282
"9" 11 44636547 "rs7935166" "A" "G" 0.0013990209137074 0.005 0.110194248131915 0.138 0.132 0.896 967078.32 357636 1281936 28.3 25 0.09035 0.7759 "G" "A" -0.12963 0.014261 1.07894672222983e-19 21282
"10" 15 41031686 "rs11070292" "G" "A" -0.007004474152883 0.0043 0.965772739229449 0.147 0.15 0.987 967078.32 357636 1281936 23.5 25 0.1391 0.1082 "A" "G" -0.10667 0.013615 4.92039535681451e-15 21282
"11" 16 87231160 "rs4843555" "T" "C" 0.0034961042567088 0.0033 0.529736553034922 0.432 0.443 0.99 943460.54 349879 1257213 0 24 0.9799 0.2953 "T" "C" 0.05493 0.0098431 2.4271689070387e-08 21282
"12" 19 4985300 "rs197152" "G" "A" -0.0055048206344449 0.0058 0.45742352373947 0.0874 0.0815 0.948 918162.24 344289 1135940 18.4 24 0.2053 0.3488 "G" "A" -0.10178 0.017207 3.37054399293482e-09 21282
"13" 20 25440648 "rs11087521" "A" "G" 0.0035038543266769 0.0031 0.59328954139021 0.442 0.444 0.989 967078.32 357636 1281936 25.4 25 0.1185 0.2551 "G" "A" -0.065512 0.0097663 2.02301917867827e-11 21282
"14" 22 30953295 "rs2267161" "T" "C" -0.0094040800752939 0.0033 2.34872198600186 0.319 0.318 0.993 943460.54 349879 1257213 0 24 0.4866 0.00448 "C" "T" -0.082166 0.010534 6.48634433548237e-15 21282
"15" 22 50519982 "rs147947836" "A" "C" -0.0031048149534787 0.012 0.0987596979266908 0.019 0.0193 0.915 890107.34 337171 950391 0 24 0.6791 0.7966 "C" "A" -0.22605 0.0398 1.36709910820375e-08 21282
