"CHROM" "POS" "SNP" "A1_y" "A2_y" "b_y" "se_y" "pval(-log10)" "FCAS" "FCON" "IMPINFO" "NEFF" "NCAS" "NCON" "HETI" "HETDF" "HETPVAL" "p_y" "A2" "A1" "b" "se" "P" "N"
"1" 1 23892350 "rs2811939" "A" "C" -0.00089959524283599 0.0032 0.114582234889064 0.437 0.449 0.979 943460.54 349879 1257213 0 24 0.9244 0.7681 "A" "C" -0.056746 0.0097746 6.50878610840409e-09 21281
"2" 1 180943529 "rs1044595" "C" "T" -0.0022973590486834 0.0034 0.308653235865178 0.402 0.397 0.987 943460.54 349879 1257213 26.2 24 0.1143 0.4913 "C" "T" 0.074483 0.0098412 3.92644935399599e-14 21281
"3" 1 205759195 "rs1772159" "A" "G" 0.0011992805754821 0.0031 0.156144577376839 0.4 0.4 0.992 967078.32 357636 1281936 17.2 25 0.2167 0.698 "G" "A" 0.054561 0.0099177 3.81329145276777e-08 21281
"4" 1 220164915 "rs1768671" "A" "T" 0.0012007205765188 0.0039 0.120846753815754 0.19 0.179 0.982 967078.32 357636 1281936 0 25 0.4732 0.7571 "A" "T" 0.068338 0.012449 4.0784956177127e-08 21281
"5" 2 198568076 "rs11687698" "T" "C" -0.0060985584618694 0.0035 1.08756536662443 0.351 0.338 0.972 967078.32 357636 1281936 3.1 25 0.4181 0.08174 "C" "T" -0.060378 0.010196 3.23891834996878e-09 21281
"6" 3 13831304 "rs1368575" "C" "A" -0.0061013488579762 0.0035 1.08645104209348 0.363 0.357 0.97 943460.54 349879 1257213 0 24 0.6525 0.08195 "C" "A" -0.069531 0.010256 1.23594743344451e-11 21281
"7" 3 171437153 "rs9290432" "A" "G" 0.0077995046323817 0.0033 1.71242219092129 0.428 0.44 0.988 943460.54 349879 1257213 0 24 0.6891 0.01939 "G" "A" 0.054997 0.0098182 2.15079986229812e-08 21281
"8" 8 9995287 "rs1466555" "G" "C" -0.0095958936734469 0.0039 1.89688074645429 0.236 0.256 0.981 841507.98 323949 804611 0 23 0.5297 0.01268 "C" "G" -0.069399 0.011593 2.18474120647904e-09 21281
"9" 11 44636547 "rs7935166" "A" "G" 0.0013990209137074 0.005 0.110194248131915 0.138 0.132 0.896 967078.32 357636 1281936 28.3 25 0.09035 0.7759 "G" "A" -0.10821 0.01427 3.51560440528298e-14 21281
"10" 16 30015337 "rs4787491" "A" "G" -0.0087020272939009 0.0031 2.23987921473543 0.484 0.503 0.986 918162.24 344289 1135940 18.6 24 0.2024 0.005756 "A" "G" -0.059528 0.0097041 8.70562588741355e-10 21281
"11" 16 87237863 "rs4843549" "G" "A" 0.0023026490626755 0.0031 0.335922409814925 0.404 0.413 0.998 967078.32 357636 1281936 0 25 0.9954 0.4614 "G" "A" 0.062213 0.0099601 4.28647208702383e-10 21281
"12" 20 25440593 "rs453329" "A" "G" 0.0035038543266769 0.0031 0.587707490676953 0.443 0.445 0.989 967078.32 357636 1281936 26.1 25 0.1112 0.2584 "G" "A" -0.060516 0.0097672 5.90201080171845e-10 21281
"13" 22 30953295 "rs2267161" "T" "C" -0.0094040800752939 0.0033 2.34872198600186 0.319 0.318 0.993 943460.54 349879 1257213 0 24 0.4866 0.00448 "C" "T" -0.068126 0.010539 1.04111810762334e-10 21281
