"CHROM" "POS" "SNP" "A1_y" "A2_y" "b_y" "se_y" "pval(-log10)" "FCAS" "FCON" "IMPINFO" "NEFF" "NCAS" "NCON" "HETI" "HETDF" "HETPVAL" "p_y" "A2" "A1" "b" "se" "P" "N"
"1" 1 23902416 "rs2811946" "A" "C" -0.0013990209137074 0.0033 0.176590985107455 0.443 0.456 0.992 967078.32 357636 1281936 0 25 0.8623 0.6659 "A" "C" -0.059689 0.009773 1.02896357229675e-09 21282
"2" 1 153794697 "rs4596938" "T" "C" 0.004701032558649 0.0033 0.803823814960027 0.49 0.493 0.99 956986.66 354629 1245686 0 20 0.5393 0.1571 "T" "C" 0.069125 0.009681 9.61612278383666e-13 21282
"3" 1 180943529 "rs1044595" "C" "T" -0.0022973590486834 0.0034 0.308653235865178 0.402 0.397 0.987 943460.54 349879 1257213 26.2 24 0.1143 0.4913 "C" "T" 0.058587 0.0098459 2.71706482411268e-09 21282
"4" 2 198950240 "rs1064213" "A" "G" -0.0060985584618694 0.0031 1.28458167740494 0.481 0.462 0.998 926831.12 344272 1241133 9.5 23 0.3287 0.05193 "G" "A" -0.058653 0.009782 2.05447092746499e-09 21282
"5" 3 13832611 "rs4685022" "A" "G" -0.0046989426564651 0.0034 0.780415473785745 0.354 0.351 0.975 967078.32 357636 1281936 0 25 0.6103 0.1658 "A" "G" -0.065522 0.010263 1.75590089419915e-10 21282
"6" 3 171348931 "rs7620874" "C" "T" 0.0044998604248922 0.0031 0.82739706879014 0.447 0.466 0.988 943460.54 349879 1257213 11.2 24 0.3025 0.1488 "T" "C" 0.064099 0.0097711 5.49540873857625e-11 21282
"7" 4 38677227 "rs34089598" "C" "A" -0.0051029981759033 0.0032 0.959397659885927 0.401 0.399 0.984 943460.54 349879 1257213 0 24 0.8137 0.1098 "A" "C" -0.07274 0.0098351 1.45545908058197e-13 21282
"8" 8 9996705 "rs17151190" "C" "G" -0.0092022107647994 0.0037 1.87614835903291 0.227 0.237 0.987 967078.32 357636 1281936 0 25 0.5851 0.0133 "G" "C" -0.069144 0.011806 4.7851989635834e-09 21282
"9" 11 10474010 "rs11042812" "A" "G" -0.00050012504168224 0.0031 0.0635365259952531 0.458 0.461 0.991 943460.54 349879 1257213 0 24 0.566 0.8639 "G" "A" -0.082454 0.009718 2.3014418174085e-17 21282
"10" 11 44636547 "rs7935166" "A" "G" 0.0013990209137074 0.005 0.110194248131915 0.138 0.132 0.896 967078.32 357636 1281936 28.3 25 0.09035 0.7759 "G" "A" -0.11852 0.014266 1.03038612044162e-16 21282
"11" 15 41787585 "rs1655558" "T" "G" 0.0028039273327342 0.0035 0.38111551500455 0.456 0.458 0.976 894544.46 336532 1111217 0 23 0.8289 0.4158 "T" "G" 0.060304 0.0097979 7.65420342071843e-10 21282
"12" 16 30102802 "rs3809624" "C" "T" -0.0023026490626755 0.0036 0.288867927693158 0.348 0.364 0.956 943460.54 349879 1257213 36.7 24 0.03548 0.5142 "T" "C" 0.056839 0.010318 3.65174127254838e-08 21282
"13" 16 70022533 "rs62051305" "C" "T" 0.0063994795805678 0.0033 1.28735029837279 0.389 0.392 0.973 943460.54 349879 1257213 0 24 0.7336 0.0516 "T" "C" -0.059548 0.010119 4.04110374513491e-09 21282
"14" 16 87235867 "rs4240792" "G" "A" 0.0018016219466282 0.0032 0.237396450433197 0.363 0.362 0.983 943460.54 349879 1257213 0 24 0.844 0.5789 "G" "A" 0.06308 0.010205 6.46844664171723e-10 21282
"15" 18 74549962 "rs11664412" "G" "T" 0.0013990209137074 0.0042 0.135014539340206 0.151 0.155 0.996 967078.32 357636 1281936 29.2 25 0.08304 0.7328 "T" "G" 0.08134 0.013571 2.08593129583112e-09 21282
"16" 19 36251326 "rs179570" "G" "A" -0.0049019951702315 0.0031 0.950007143079858 0.48 0.481 0.99 967078.32 357636 1281936 0 25 0.5727 0.1122 "A" "G" -0.053287 0.0096921 3.88597497954394e-08 21282
"17" 22 30953295 "rs2267161" "T" "C" -0.0094040800752939 0.0033 2.34872198600186 0.319 0.318 0.993 943460.54 349879 1257213 0 24 0.4866 0.00448 "C" "T" -0.07929 0.010535 5.43250331492433e-14 21282
"18" 22 32048655 "rs113037024" "T" "C" 0.0063001125484799 0.0062 0.503208684299958 0.0646 0.063 0.995 967078.32 357636 1281936 19.8 25 0.1832 0.3139 "C" "T" 0.11557 0.019825 5.64676871616536e-09 21282
