"CHROM" "POS" "SNP" "A1_y" "A2_y" "b_y" "se_y" "pval(-log10)" "FCAS" "FCON" "IMPINFO" "NEFF" "NCAS" "NCON" "HETI" "HETDF" "HETPVAL" "p_y" "A2" "A1" "b" "se" "P" "N"
"1" 1 153942597 "rs4845586" "G" "T" -0.0062998021485279 0.0031 1.38711023071252 0.475 0.477 0.988 967078.32 357636 1281936 9.5 25 0.3255 0.04101 "T" "G" -0.058002 0.0097031 2.29879370926401e-09 21282
"2" 2 64125978 "rs66980330" "G" "C" 0.010999285458369 0.004 2.20558166912586 0.178 0.18 0.983 967078.32 357636 1281936 33.5 25 0.05095 0.006229 "C" "G" 0.071652 0.012654 1.51008015416415e-08 21282
"3" 2 190492804 "rs13024726" "A" "G" 0.0040983869261633 0.0042 0.475733731233021 0.172 0.173 0.957 967078.32 357636 1281936 4.8 25 0.3936 0.3344 "A" "G" 0.085706 0.013248 1.0046157902784e-10 21282
"4" 3 13835087 "rs6442409" "T" "C" -0.0045994064948955 0.0034 0.757707095017069 0.354 0.352 0.98 967078.32 357636 1281936 0 25 0.6099 0.1747 "T" "C" -0.056806 0.010232 2.8595651789275e-08 21282
"5" 3 171348931 "rs7620874" "C" "T" 0.0044998604248922 0.0031 0.82739706879014 0.447 0.466 0.988 943460.54 349879 1257213 11.2 24 0.3025 0.1488 "T" "C" 0.071913 0.0097685 1.87931681680327e-13 21282
"6" 4 38677227 "rs34089598" "C" "A" -0.0051029981759033 0.0032 0.959397659885927 0.401 0.399 0.984 943460.54 349879 1257213 0 24 0.8137 0.1098 "A" "C" -0.069255 0.0098363 1.96788628970685e-12 21282
"7" 6 142425552 "rs7749578" "T" "C" -0.007095110875924 0.0042 1.0420576645546 0.199 0.196 0.962 943460.54 349879 1257213 0 24 0.4756 0.09077 "C" "T" 0.075777 0.012151 4.56982953285961e-10 21282
"8" 10 134556992 "rs12767126" "T" "C" -0.0085968472255182 0.0037 1.70245833218184 0.218 0.213 0.97 967078.32 357636 1281936 0 25 0.6402 0.01984 "C" "T" -0.066292 0.011635 1.23168598573635e-08 21282
"9" 11 44636547 "rs7935166" "A" "G" 0.0013990209137074 0.005 0.110194248131915 0.138 0.132 0.896 967078.32 357636 1281936 28.3 25 0.09035 0.7759 "G" "A" -0.10816 0.01427 3.60578643021643e-14 21282
"10" 11 118575326 "rs11216956" "A" "G" -0.0036968248442897 0.0036 0.523313257054355 0.235 0.237 0.997 956986.66 354629 1245686 0 20 0.6799 0.2997 "G" "A" 0.070522 0.011638 1.38611735123824e-09 21282
"11" 15 40924578 "rs936580" "A" "G" 0.0072965552326379 0.0043 1.06198090252379 0.153 0.153 0.989 967078.32 357636 1281936 20.4 25 0.1765 0.0867 "A" "G" 0.095839 0.013449 1.06659612123026e-12 21282
"12" 16 29983119 "rs9932196" "T" "G" -0.0088994831870327 0.0033 2.18548604763176 0.443 0.44 0.992 967078.32 357636 1281936 30.4 25 0.07258 0.006524 "G" "T" -0.056276 0.0096828 6.26036997672642e-09 21282
"13" 18 74699443 "rs470293" "T" "C" 0.00019998000266624 0.0043 0.0194058442237798 0.155 0.159 0.988 943460.54 349879 1257213 28.2 24 0.09544 0.9563 "C" "T" 0.074682 0.013361 2.30409297605584e-08 21282
"14" 19 5022604 "rs263063" "T" "C" -0.0068961666878413 0.0056 0.6613443344213 0.0884 0.0815 0.963 967078.32 357636 1281936 12.7 25 0.2787 0.2181 "T" "C" -0.093704 0.017098 4.28943409996781e-08 21282
"15" 20 25229564 "rs6115101" "A" "C" 0.00089959524283599 0.0035 0.0928574689968595 0.448 0.451 0.98 841507.98 323949 804611 28.8 23 0.09362 0.8075 "C" "A" -0.086618 0.0097228 5.57185748931928e-19 21282
"16" 22 32074392 "rs9621316" "C" "T" 0.0037031349243812 0.0055 0.300162274132754 0.0857 0.0827 0.993 967078.32 357636 1281936 39.1 25 0.02282 0.501 "T" "C" 0.10033 0.017718 1.51008015416415e-08 21282
"17" 22 50685332 "rs61748567" "A" "G" -0.00050012504168224 0.0114 0.0165541426586603 0.0204 0.0202 0.94 890424.06 337296 950607 0 24 0.6814 0.9626 "G" "A" -0.24222 0.037348 9.05732600898202e-11 21282
