"CHROM" "POS" "SNP" "A1_y" "A2_y" "b_y" "se_y" "pval(-log10)" "FCAS" "FCON" "IMPINFO" "NEFF" "NCAS" "NCON" "HETI" "HETDF" "HETPVAL" "p_y" "A2" "A1" "b" "se" "P" "N"
"1" 1 153942597 "rs4845586" "G" "T" -0.0062998021485279 0.0031 1.38711023071252 0.475 0.477 0.988 967078.32 357636 1281936 9.5 25 0.3255 0.04101 "T" "G" -0.059573 0.0097026 8.40620544850771e-10 21282
"2" 2 33764176 "rs13388394" "G" "A" 0.0321960982163169 0.0078 4.37840832414078 0.0403 0.0428 0.983 967078.32 357636 1281936 19.6 25 0.1863 4.184e-05 "A" "G" 0.13619 0.024311 2.14387766597351e-08 21282
"3" 2 198950240 "rs1064213" "A" "G" -0.0060985584618694 0.0031 1.28458167740494 0.481 0.462 0.998 926831.12 344272 1241133 9.5 23 0.3287 0.05193 "G" "A" -0.056197 0.0097827 9.34329368257313e-09 21282
"4" 3 171040899 "rs73171590" "C" "G" 0.0024968801985871 0.0038 0.286929674144361 0.25 0.248 0.976 817890.2 316192 779888 0 22 0.7393 0.5165 "G" "C" -0.070815 0.011032 1.40184500979848e-10 21282
"5" 3 171348931 "rs7620874" "C" "T" 0.0044998604248922 0.0031 0.82739706879014 0.447 0.466 0.988 943460.54 349879 1257213 11.2 24 0.3025 0.1488 "T" "C" 0.061557 0.0097718 3.04508906697422e-10 21282
"6" 4 38680015 "rs13132853" "G" "A" -0.009000382197299 0.0036 1.8955128886876 0.332 0.329 0.948 967078.32 357636 1281936 0 25 0.9821 0.01272 "A" "G" -0.074851 0.010071 1.10662378397767e-13 21282
"7" 5 82840259 "rs309556" "C" "T" -0.009696862978864 0.0055 1.1113151533403 0.085 0.0857 0.986 967078.32 357636 1281936 8.5 25 0.3404 0.07739 "T" "C" -0.11327 0.01801 3.24788018763537e-10 21282
"8" 11 44636547 "rs7935166" "A" "G" 0.0013990209137074 0.005 0.110194248131915 0.138 0.132 0.896 967078.32 357636 1281936 28.3 25 0.09035 0.7759 "G" "A" -0.098787 0.014273 4.60256573581356e-12 21282
"9" 11 118575326 "rs11216956" "A" "G" -0.0036968248442897 0.0036 0.523313257054355 0.235 0.237 0.997 956986.66 354629 1245686 0 20 0.6799 0.2997 "G" "A" 0.065104 0.011639 2.25268257657542e-08 21282
"10" 15 40880865 "rs7164289" "A" "G" -0.0074980401773571 0.0042 1.11872949607064 0.152 0.153 0.997 967078.32 357636 1281936 17.1 25 0.2186 0.07608 "G" "A" -0.079743 0.013475 3.30978665072841e-09 21282
"11" 15 71156953 "rs11072226" "C" "T" -0.0045994064948955 0.0032 0.801068130067791 0.419 0.432 0.992 967078.32 357636 1281936 0 25 0.5263 0.1581 "C" "T" -0.05902 0.0099283 2.81319605679996e-09 21282
"12" 16 30015337 "rs4787491" "A" "G" -0.0087020272939009 0.0031 2.23987921473543 0.484 0.503 0.986 918162.24 344289 1135940 18.6 24 0.2024 0.005756 "A" "G" -0.060366 0.0097039 5.03964563612644e-10 21282
"13" 20 25229564 "rs6115101" "A" "C" 0.00089959524283599 0.0035 0.0928574689968595 0.448 0.451 0.98 841507.98 323949 804611 28.8 23 0.09362 0.8075 "C" "A" -0.077102 0.0097266 2.35504928389601e-15 21282
