"CHROM" "POS" "SNP" "A1_y" "A2_y" "b_y" "se_y" "pval(-log10)" "FCAS" "FCON" "IMPINFO" "NEFF" "NCAS" "NCON" "HETI" "HETDF" "HETPVAL" "p_y" "A2" "A1" "b" "se" "P" "N"
"1" 1 153954674 "rs10908578" "C" "T" -0.0054950702819798 0.0031 1.1453903619042 0.486 0.486 0.983 943460.54 349879 1257213 16.7 24 0.2274 0.07155 "T" "C" -0.057574 0.0096963 2.93359394121412e-09 21282
"2" 1 205782718 "rs9438393" "G" "A" -0.00030004500900199 0.0031 0.0298856777149029 0.414 0.415 0.994 967078.32 357636 1281936 9.5 25 0.3248 0.9335 "A" "G" 0.06276 0.0098329 1.77582432254734e-10 21282
"3" 2 190492804 "rs13024726" "A" "G" 0.0040983869261633 0.0042 0.475733731233021 0.172 0.173 0.957 967078.32 357636 1281936 4.8 25 0.3936 0.3344 "A" "G" 0.081493 0.013249 7.83971003749196e-10 21282
"4" 2 198569051 "rs4850437" "T" "G" 0.0054950702819798 0.0031 1.12959609472097 0.467 0.45 0.986 967078.32 357636 1281936 0 25 0.5656 0.0742 "T" "G" 0.053983 0.0097611 3.23295753368094e-08 21282
"5" 3 13831209 "rs934447" "A" "G" -0.0033045340083004 0.0038 0.420445039599001 0.284 0.28 0.949 940260 348949 1251483 0 23 0.7935 0.3798 "A" "G" -0.085433 0.011176 2.18776162394955e-14 21282
"6" 3 171437153 "rs9290432" "A" "G" 0.0077995046323817 0.0033 1.71242219092129 0.428 0.44 0.988 943460.54 349879 1257213 0 24 0.6891 0.01939 "G" "A" 0.069274 0.0098136 1.7298163592151e-12 21282
"7" 4 38677227 "rs34089598" "C" "A" -0.0051029981759033 0.0032 0.959397659885927 0.401 0.399 0.984 943460.54 349879 1257213 0 24 0.8137 0.1098 "A" "C" -0.055315 0.0098405 1.92087896175202e-08 21282
"8" 11 44636833 "rs2303865" "A" "G" 9.99950003332973e-05 0.0052 0.00797697223614937 0.138 0.132 0.846 967078.32 357636 1281936 30 25 0.07568 0.9818 "G" "A" -0.14014 0.01429 1.17219536554813e-22 21282
"9" 15 41000508 "rs11638204" "T" "C" -0.0076995657264405 0.0042 1.17288931253399 0.154 0.154 0.992 967078.32 357636 1281936 27.1 25 0.1021 0.06716 "C" "T" -0.097889 0.013272 1.69433780044733e-13 21282
"10" 16 29994922 "rs3814883" "T" "C" -0.0081027387031859 0.0033 1.84133601918601 0.465 0.46 0.984 943460.54 349879 1257213 33.9 24 0.05101 0.01441 "C" "T" -0.05323 0.0096905 3.9976061080015e-08 21282
"11" 16 51446384 "rs11641011" "T" "C" -0.0081027387031859 0.0032 1.94769090035268 0.458 0.454 0.993 967078.32 357636 1281936 15.1 25 0.2456 0.01128 "C" "T" -0.0581 0.0097198 2.30303214631176e-09 21282
"12" 16 87233516 "rs4843552" "G" "A" 0.003596459514405 0.0031 0.59159042153157 0.443 0.45 0.985 943460.54 349879 1257213 0 24 0.9588 0.2561 "G" "A" 0.06531 0.0098142 2.91071711806661e-11 21282
"13" 20 25256106 "rs2424698" "T" "C" 0.0028958031120254 0.0033 0.415442639474325 0.443 0.445 0.988 967078.32 357636 1281936 29.8 25 0.0774 0.3842 "C" "T" -0.071402 0.0097539 2.56448403651772e-13 21282
"14" 20 31916110 "rs4911123" "G" "C" 0.0042992284528323 0.0036 0.621057301386563 0.332 0.327 0.936 963877.78 356706 1276206 0 24 0.5658 0.2393 "G" "C" 0.056921 0.010395 4.40554863506553e-08 21282
"15" 22 30953295 "rs2267161" "T" "C" -0.0094040800752939 0.0033 2.34872198600186 0.319 0.318 0.993 943460.54 349879 1257213 0 24 0.4866 0.00448 "C" "T" -0.073415 0.010537 3.32659553294005e-12 21282
