"CHROM" "POS" "SNP" "A1_y" "A2_y" "b_y" "se_y" "pval(-log10)" "FCAS" "FCON" "IMPINFO" "NEFF" "NCAS" "NCON" "HETI" "HETDF" "HETPVAL" "p_y" "A2" "A1" "b" "se" "P" "N"
"1" 1 153940739 "rs6661009" "C" "A" -0.0060985584618694 0.0031 1.33254704711005 0.474 0.476 0.989 967078.32 357636 1281936 9.3 25 0.329 0.0465 "A" "C" -0.068898 0.0096989 1.25314117494142e-12 21282
"2" 1 180950126 "rs10753232" "T" "C" 0.0028958031120254 0.0034 0.410720778764033 0.405 0.397 0.989 943460.54 349879 1257213 30.4 24 0.07636 0.3884 "C" "T" -0.089844 0.0098206 6.28058358813315e-20 21282
"3" 1 205657570 "rs823105" "A" "G" 0.00059982007196754 0.0031 0.0752040042020878 0.445 0.437 0.983 967078.32 357636 1281936 13.5 25 0.2675 0.841 "G" "A" 0.063299 0.009701 6.95024317588798e-11 21282
"4" 2 190492804 "rs13024726" "A" "G" 0.0040983869261633 0.0042 0.475733731233021 0.172 0.173 0.957 967078.32 357636 1281936 4.8 25 0.3936 0.3344 "A" "G" 0.088274 0.013247 2.73526872630671e-11 21282
"5" 3 13831304 "rs1368575" "C" "A" -0.0061013488579762 0.0035 1.08645104209348 0.363 0.357 0.97 943460.54 349879 1257213 0 24 0.6525 0.08195 "C" "A" -0.083976 0.010251 2.71019163189084e-16 21282
"6" 3 39492246 "rs11706071" "A" "C" 0.00099950033308342 0.0032 0.115771230367396 0.501 0.506 0.993 967078.32 357636 1281936 17.6 25 0.2124 0.766 "C" "A" 0.054016 0.0096946 2.55270130266125e-08 21282
"7" 3 171348931 "rs7620874" "C" "T" 0.0044998604248922 0.0031 0.82739706879014 0.447 0.466 0.988 943460.54 349879 1257213 11.2 24 0.3025 0.1488 "T" "C" 0.060784 0.0097721 5.05824662003115e-10 21282
"8" 4 38677227 "rs34089598" "C" "A" -0.0051029981759033 0.0032 0.959397659885927 0.401 0.399 0.984 943460.54 349879 1257213 0 24 0.8137 0.1098 "A" "C" -0.082326 0.0098316 5.92925324579999e-17 21282
"9" 7 134875871 "rs292569" "A" "C" -0.0025031302181184 0.0033 0.343039817257151 0.35 0.358 0.988 967078.32 357636 1281936 17.8 25 0.2093 0.4539 "C" "A" 0.056185 0.010125 2.90736795944423e-08 21282
"10" 9 113665254 "rs1409684" "T" "C" -0.007004474152883 0.0037 1.21896306137887 0.21 0.214 0.998 967078.32 357636 1281936 4.7 25 0.3954 0.0604 "C" "T" -0.074048 0.011806 3.63580012300144e-10 21282
"11" 10 134584577 "rs4880424" "T" "C" -0.0075987978753305 0.0038 1.3300326300915 0.215 0.215 0.96 967078.32 357636 1281936 0 25 0.5788 0.04677 "C" "T" -0.067401 0.011704 8.58025114722604e-09 21282
"12" 11 10458596 "rs1450270" "T" "C" 0 0.0033 0.0037510854308679 0.474 0.474 0.984 943460.54 349879 1257213 0 24 0.9414 0.9914 "T" "C" -0.056289 0.0097937 9.18121166931533e-09 21282
"13" 11 44636547 "rs7935166" "A" "G" 0.0013990209137074 0.005 0.110194248131915 0.138 0.132 0.896 967078.32 357636 1281936 28.3 25 0.09035 0.7759 "G" "A" -0.11906 0.014266 7.46448758410068e-17 21282
"14" 14 52494300 "rs77101097" "T" "C" 0.0068961666878413 0.0045 0.911863911299449 0.138 0.137 0.992 956986.66 354629 1245686 36.4 20 0.0493 0.1225 "C" "T" -0.075946 0.013635 2.57928896442749e-08 21282
"15" 15 41042660 "rs12438182" "A" "C" -0.006803088619739 0.0044 0.912573542963714 0.145 0.148 0.988 967078.32 357636 1281936 28.6 25 0.08786 0.1223 "C" "A" -0.08902 0.013676 7.72680585095702e-11 21282
"16" 15 71156024 "rs4777315" "G" "A" -0.0045994064948955 0.0033 0.787013815263332 0.418 0.431 0.99 967078.32 357636 1281936 0 25 0.503 0.1633 "G" "A" -0.056055 0.0099335 1.691998602503e-08 21282
"17" 16 29994922 "rs3814883" "T" "C" -0.0081027387031859 0.0033 1.84133601918601 0.465 0.46 0.984 943460.54 349879 1257213 33.9 24 0.05101 0.01441 "C" "T" -0.060561 0.0096885 4.16102188517454e-10 21282
"18" 16 51449760 "rs7196814" "A" "G" 0.0085968472255182 0.0033 2.0073581301216 0.445 0.439 0.991 918162.24 344289 1135940 16.4 24 0.2311 0.009832 "A" "G" 0.059826 0.0097767 9.56753368618242e-10 21282
"19" 16 70042413 "rs12929383" "A" "G" 0.0053954185169075 0.0032 1.01300446027562 0.392 0.394 0.975 943460.54 349879 1257213 0 24 0.7496 0.09705 "G" "A" -0.074104 0.010058 1.79887091512879e-13 21282
"20" 19 17575610 "rs8100064" "G" "A" -0.001099395443301 0.0031 0.145815456166393 0.453 0.442 0.972 967078.32 357636 1281936 35.8 25 0.03747 0.7148 "G" "A" -0.053566 0.009784 4.42894207198636e-08 21282
"21" 20 25208272 "rs3746337" "T" "C" 0.001099395443301 0.0033 0.138465589140962 0.497 0.5 0.987 967078.32 357636 1281936 17.8 25 0.2092 0.727 "C" "T" -0.059768 0.0096691 6.47142615748583e-10 21282
