"CHROM" "POS" "SNP" "A1_y" "A2_y" "b_y" "se_y" "pval(-log10)" "FCAS" "FCON" "IMPINFO" "NEFF" "NCAS" "NCON" "HETI" "HETDF" "HETPVAL" "p_y" "A2" "A1" "b" "se" "P" "N"
"1" 1 23899707 "rs2811942" "A" "G" -0.00099950033308342 0.0031 0.130357655348405 0.443 0.452 0.984 967078.32 357636 1281936 0 25 0.9228 0.7407 "A" "G" -0.057662 0.0097476 3.35892262734495e-09 21282
"2" 1 153940739 "rs6661009" "C" "A" -0.0060985584618694 0.0031 1.33254704711005 0.474 0.476 0.989 967078.32 357636 1281936 9.3 25 0.329 0.0465 "A" "C" -0.070326 0.0096984 4.26579518801594e-13 21282
"3" 1 180943529 "rs1044595" "C" "T" -0.0022973590486834 0.0034 0.308653235865178 0.402 0.397 0.987 943460.54 349879 1257213 26.2 24 0.1143 0.4913 "C" "T" 0.075341 0.0098406 1.99526231496888e-14 21282
"4" 1 205759195 "rs1772159" "A" "G" 0.0011992805754821 0.0031 0.156144577376839 0.4 0.4 0.992 967078.32 357636 1281936 17.2 25 0.2167 0.698 "G" "A" 0.068982 0.0099135 3.53997341083434e-12 21282
"5" 2 190542687 "rs4667299" "G" "T" 0.0050024916227914 0.0035 0.836838625022982 0.276 0.278 0.987 967078.32 357636 1281936 26.6 25 0.1063 0.1456 "G" "T" 0.063677 0.011099 9.75663369370955e-09 21282
"6" 3 13831304 "rs1368575" "C" "A" -0.0061013488579762 0.0035 1.08645104209348 0.363 0.357 0.97 943460.54 349879 1257213 0 24 0.6525 0.08195 "C" "A" -0.076305 0.010254 1.03038612044162e-13 21282
"7" 3 171483668 "rs11715665" "C" "T" 0.0075017910703226 0.0033 1.63059858630338 0.457 0.472 0.99 943460.54 349879 1257213 0 24 0.6864 0.02341 "T" "C" 0.068719 0.00976 1.96788628970685e-12 21282
"8" 4 38677227 "rs34089598" "C" "A" -0.0051029981759033 0.0032 0.959397659885927 0.401 0.399 0.984 943460.54 349879 1257213 0 24 0.8137 0.1098 "A" "C" -0.071736 0.0098355 3.12607936712395e-13 21282
"9" 8 9995287 "rs1466555" "G" "C" -0.0095958936734469 0.0039 1.89688074645429 0.236 0.256 0.981 841507.98 323949 804611 0 23 0.5297 0.01268 "C" "G" -0.064696 0.011595 2.43556654531337e-08 21282
"10" 11 10474010 "rs11042812" "A" "G" -0.00050012504168224 0.0031 0.0635365259952531 0.458 0.461 0.991 943460.54 349879 1257213 0 24 0.566 0.8639 "G" "A" -0.067977 0.0097233 2.80543363795172e-12 21282
"11" 11 44636547 "rs7935166" "A" "G" 0.0013990209137074 0.005 0.110194248131915 0.138 0.132 0.896 967078.32 357636 1281936 28.3 25 0.09035 0.7759 "G" "A" -0.12265 0.014264 8.6297854776697e-18 21282
"12" 16 29994922 "rs3814883" "T" "C" -0.0081027387031859 0.0033 1.84133601918601 0.465 0.46 0.984 943460.54 349879 1257213 33.9 24 0.05101 0.01441 "C" "T" -0.068722 0.009686 1.33352143216332e-12 21282
"13" 16 87224857 "rs9308343" "G" "A" 0.0027036515743148 0.0032 0.401428336517859 0.438 0.45 0.988 943460.54 349879 1257213 0 24 0.9738 0.3968 "G" "A" 0.055925 0.009812 1.21590599570883e-08 21282
"14" 20 25440648 "rs11087521" "A" "G" 0.0035038543266769 0.0031 0.59328954139021 0.442 0.444 0.989 967078.32 357636 1281936 25.4 25 0.1185 0.2551 "G" "A" -0.058647 0.0097684 1.95929576609242e-09 21282
"15" 22 30953295 "rs2267161" "T" "C" -0.0094040800752939 0.0033 2.34872198600186 0.319 0.318 0.993 943460.54 349879 1257213 0 24 0.4866 0.00448 "C" "T" -0.072484 0.010538 6.20869034230063e-12 21282
