"CHROM" "POS" "SNP" "A1_y" "A2_y" "b_y" "se_y" "pval(-log10)" "FCAS" "FCON" "IMPINFO" "NEFF" "NCAS" "NCON" "HETI" "HETDF" "HETPVAL" "p_y" "A2" "A1" "b" "se" "P" "N"
"1" 1 153939130 "rs11264736" "T" "C" -0.0058973552660839 0.0031 1.2653601610123 0.476 0.478 0.99 967078.32 357636 1281936 9.6 25 0.3245 0.05428 "C" "T" -0.067806 0.0096956 2.76057785622035e-12 21282
"2" 2 190675899 "rs62184285" "T" "C" -0.0051029981759033 0.0043 0.630042392653947 0.172 0.168 0.971 883559.9 334212 1089716 0 24 0.664 0.2344 "C" "T" -0.084702 0.012867 4.73151258961481e-11 21282
"3" 3 13831209 "rs934447" "A" "G" -0.0033045340083004 0.0038 0.420445039599001 0.284 0.28 0.949 940260 348949 1251483 0 23 0.7935 0.3798 "A" "G" -0.085697 0.011176 1.81970085860998e-14 21282
"4" 3 171348931 "rs7620874" "C" "T" 0.0044998604248922 0.0031 0.82739706879014 0.447 0.466 0.988 943460.54 349879 1257213 11.2 24 0.3025 0.1488 "T" "C" 0.076094 0.009767 6.95024317588798e-15 21282
"5" 4 38680015 "rs13132853" "G" "A" -0.009000382197299 0.0036 1.8955128886876 0.332 0.329 0.948 967078.32 357636 1281936 0 25 0.9821 0.01272 "A" "G" -0.081012 0.010069 8.99497581530037e-16 21282
"6" 4 154216710 "rs893805" "A" "G" -0.001300845733048 0.0033 0.157141237554706 0.495 0.5 0.993 967078.32 357636 1281936 6.7 25 0.3657 0.6964 "G" "A" -0.060444 0.0096723 4.20436101081748e-10 21282
"7" 8 134276293 "rs72731568" "G" "T" 0.00039992002132689 0.0055 0.0233749479492725 0.115 0.116 0.953 792355.68 301059 1019916 0 22 0.9339 0.9476 "T" "G" -0.090884 0.015488 4.47507172047656e-09 21282
"8" 11 10458596 "rs1450270" "T" "C" 0 0.0033 0.0037510854308679 0.474 0.474 0.984 943460.54 349879 1257213 0 24 0.9414 0.9914 "T" "C" -0.054252 0.0097943 3.07609681474071e-08 21282
"9" 11 44636547 "rs7935166" "A" "G" 0.0013990209137074 0.005 0.110194248131915 0.138 0.132 0.896 967078.32 357636 1281936 28.3 25 0.09035 0.7759 "G" "A" -0.14176 0.014256 3.01300602418612e-23 21282
"10" 15 40931708 "rs12912339" "A" "G" 0.0069037763167944 0.0043 0.971022294791222 0.162 0.157 0.973 967078.32 357636 1281936 15.8 25 0.2367 0.1069 "A" "G" 0.091499 0.013431 9.8627948563121e-12 21282
"11" 16 29994922 "rs3814883" "T" "C" -0.0081027387031859 0.0033 1.84133601918601 0.465 0.46 0.984 943460.54 349879 1257213 33.9 24 0.05101 0.01441 "C" "T" -0.065951 0.0096869 1.01391138573668e-11 21282
"12" 16 51449760 "rs7196814" "A" "G" 0.0085968472255182 0.0033 2.0073581301216 0.445 0.439 0.991 918162.24 344289 1135940 16.4 24 0.2311 0.009832 "A" "G" 0.057609 0.0097773 3.86901131655109e-09 21282
"13" 16 87235966 "rs4240790" "A" "G" 0.0019018072895963 0.0032 0.259242676692229 0.364 0.362 0.983 943460.54 349879 1257213 0 24 0.8155 0.5505 "A" "G" 0.055923 0.010206 4.31221096940127e-08 21282
"14" 19 4985300 "rs197152" "G" "A" -0.0055048206344449 0.0058 0.45742352373947 0.0874 0.0815 0.948 918162.24 344289 1135940 18.4 24 0.2053 0.3488 "G" "A" -0.11243 0.017204 6.50129690343092e-11 21282
"15" 22 30953295 "rs2267161" "T" "C" -0.0094040800752939 0.0033 2.34872198600186 0.319 0.318 0.993 943460.54 349879 1257213 0 24 0.4866 0.00448 "C" "T" -0.071067 0.010538 1.58124803927038e-11 21282
