"CHROM" "POS" "SNP" "A1_y" "A2_y" "b_y" "se_y" "pval(-log10)" "FCAS" "FCON" "IMPINFO" "NEFF" "NCAS" "NCON" "HETI" "HETDF" "HETPVAL" "p_y" "A2" "A1" "b" "se" "P" "N"
"1" 1 153942597 "rs4845586" "G" "T" -0.0062998021485279 0.0031 1.38711023071252 0.475 0.477 0.988 967078.32 357636 1281936 9.5 25 0.3255 0.04101 "T" "G" -0.069732 0.0096995 6.72976656284317e-13 21282
"2" 1 205762406 "rs823154" "T" "C" 0.0012991557316201 0.0031 0.172243137021383 0.401 0.4 0.992 967078.32 357636 1281936 17.6 25 0.2121 0.6726 "C" "T" 0.079572 0.0099077 1.01391138573668e-15 21282
"3" 2 190492804 "rs13024726" "A" "G" 0.0040983869261633 0.0042 0.475733731233021 0.172 0.173 0.957 967078.32 357636 1281936 4.8 25 0.3936 0.3344 "A" "G" 0.084554 0.013248 1.77950822630638e-10 21282
"4" 2 198583267 "rs4850438" "A" "G" 0.005304041591906 0.003 1.09226626300234 0.472 0.453 0.989 967078.32 357636 1281936 0 25 0.5464 0.08086 "A" "G" 0.060101 0.0097657 7.67538201218376e-10 21282
"5" 3 13831209 "rs934447" "A" "G" -0.0033045340083004 0.0038 0.420445039599001 0.284 0.28 0.949 940260 348949 1251483 0 23 0.7935 0.3798 "A" "G" -0.070974 0.01118 2.22433399848512e-10 21282
"6" 3 171348931 "rs7620874" "C" "T" 0.0044998604248922 0.0031 0.82739706879014 0.447 0.466 0.988 943460.54 349879 1257213 11.2 24 0.3025 0.1488 "T" "C" 0.068936 0.0097695 1.76197604641163e-12 21282
"7" 4 38677227 "rs34089598" "C" "A" -0.0051029981759033 0.0032 0.959397659885927 0.401 0.399 0.984 943460.54 349879 1257213 0 24 0.8137 0.1098 "A" "C" -0.066098 0.0098373 1.87499450806742e-11 21282
"8" 11 10474010 "rs11042812" "A" "G" -0.00050012504168224 0.0031 0.0635365259952531 0.458 0.461 0.991 943460.54 349879 1257213 0 24 0.566 0.8639 "G" "A" -0.069007 0.0097229 1.3121998990192e-12 21282
"9" 11 44636547 "rs7935166" "A" "G" 0.0013990209137074 0.005 0.110194248131915 0.138 0.132 0.896 967078.32 357636 1281936 28.3 25 0.09035 0.7759 "G" "A" -0.13212 0.01426 2.13304491314658e-20 21282
"10" 11 118959331 "rs17075" "G" "A" -0.0017983819413793 0.0034 0.22112552799726 0.447 0.456 0.978 943460.54 349879 1257213 0 24 0.9413 0.601 "G" "A" 0.056252 0.0098082 9.87415635746867e-09 21282
"11" 15 40898141 "rs7171260" "A" "G" 0.0072965552326379 0.0042 1.07078549626261 0.154 0.154 0.994 967078.32 357636 1281936 17.1 25 0.2179 0.08496 "A" "G" 0.098613 0.013409 1.99067333898719e-13 21282
"12" 16 30016022 "rs12928610" "C" "T" -0.0100988346774145 0.0031 3.00784428895738 0.496 0.514 0.987 967078.32 357636 1281936 17.3 25 0.216 0.0009821 "C" "T" -0.062088 0.0096776 1.43185816378648e-10 21282
"13" 16 51446384 "rs11641011" "T" "C" -0.0081027387031859 0.0032 1.94769090035268 0.458 0.454 0.993 967078.32 357636 1281936 15.1 25 0.2456 0.01128 "C" "T" -0.061001 0.009719 3.52858025828526e-10 21282
"14" 16 87227046 "rs12920553" "G" "T" 0.0040983869261633 0.0033 0.68507994400758 0.433 0.444 0.99 967078.32 357636 1281936 0 25 0.9765 0.2065 "G" "T" 0.06402 0.0098236 7.32824533138904e-11 21282
"15" 19 4985300 "rs197152" "G" "A" -0.0055048206344449 0.0058 0.45742352373947 0.0874 0.0815 0.948 918162.24 344289 1135940 18.4 24 0.2053 0.3488 "G" "A" -0.1094 0.017205 2.08113378698017e-10 21282
"16" 22 30953295 "rs2267161" "T" "C" -0.0094040800752939 0.0033 2.34872198600186 0.319 0.318 0.993 943460.54 349879 1257213 0 24 0.4866 0.00448 "C" "T" -0.078802 0.010536 7.74461797802518e-14 21282
"17" 22 32048655 "rs113037024" "T" "C" 0.0063001125484799 0.0062 0.503208684299958 0.0646 0.063 0.995 967078.32 357636 1281936 19.8 25 0.1832 0.3139 "C" "T" 0.12239 0.019823 6.78578350950407e-10 21282
"18" 22 50519982 "rs147947836" "A" "C" -0.0031048149534787 0.012 0.0987596979266908 0.019 0.0193 0.915 890107.34 337171 950391 0 24 0.6791 0.7966 "C" "A" -0.24167 0.039796 1.27997061670518e-09 21282
