"CHROM" "POS" "SNP" "A1_y" "A2_y" "b_y" "se_y" "pval(-log10)" "FCAS" "FCON" "IMPINFO" "NEFF" "NCAS" "NCON" "HETI" "HETDF" "HETPVAL" "p_y" "A2" "A1" "b" "se" "P" "N"
"1" 1 153939130 "rs11264736" "T" "C" -0.0058973552660839 0.0031 1.2653601610123 0.476 0.478 0.99 967078.32 357636 1281936 9.6 25 0.3245 0.05428 "C" "T" -0.065228 0.0096964 1.77418948089017e-11 21282
"2" 2 190694449 "rs5743063" "T" "C" -0.0062998021485279 0.0037 1.05630767289398 0.229 0.231 0.987 943460.54 349879 1257213 39.7 24 0.02242 0.08784 "C" "T" -0.072608 0.011806 7.86864586567393e-10 21282
"3" 3 13831209 "rs934447" "A" "G" -0.0033045340083004 0.0038 0.420445039599001 0.284 0.28 0.949 940260 348949 1251483 0 23 0.7935 0.3798 "A" "G" -0.081354 0.011177 3.49140315478586e-13 21282
"4" 3 171437153 "rs9290432" "A" "G" 0.0077995046323817 0.0033 1.71242219092129 0.428 0.44 0.988 943460.54 349879 1257213 0 24 0.6891 0.01939 "G" "A" 0.069629 0.0098135 1.33045441797809e-12 21282
"5" 4 38680015 "rs13132853" "G" "A" -0.009000382197299 0.0036 1.8955128886876 0.332 0.329 0.948 967078.32 357636 1281936 0 25 0.9821 0.01272 "A" "G" -0.062056 0.010075 7.42848071113176e-10 21282
"6" 7 36149085 "rs9655368" "G" "A" -0.0032954239497972 0.0035 0.46432619657425 0.263 0.259 0.992 967078.32 357636 1281936 26.5 25 0.1078 0.3433 "A" "G" -0.060801 0.010984 3.13906276913766e-08 21282
"7" 8 134276293 "rs72731568" "G" "T" 0.00039992002132689 0.0055 0.0233749479492725 0.115 0.116 0.953 792355.68 301059 1019916 0 22 0.9339 0.9476 "T" "G" -0.084541 0.01549 4.87079666492537e-08 21282
"8" 11 44636547 "rs7935166" "A" "G" 0.0013990209137074 0.005 0.110194248131915 0.138 0.132 0.896 967078.32 357636 1281936 28.3 25 0.09035 0.7759 "G" "A" -0.13474 0.014259 3.74973002245485e-21 21282
"9" 11 118959732 "rs549893" "C" "T" -0.0035038543266769 0.0034 0.508918586576813 0.459 0.469 0.975 943460.54 349879 1257213 0 24 0.9396 0.3098 "C" "T" 0.05941 0.0097508 1.12823612164899e-09 21282
"10" 15 40939652 "rs8041443" "G" "A" 0.0072965552326379 0.0042 1.0670191780768 0.157 0.156 0.983 967078.32 357636 1281936 15.6 25 0.2386 0.0857 "G" "A" 0.091456 0.013431 1.00925288607668e-11 21282
"11" 16 30016022 "rs12928610" "C" "T" -0.0100988346774145 0.0031 3.00784428895738 0.496 0.514 0.987 967078.32 357636 1281936 17.3 25 0.216 0.0009821 "C" "T" -0.06219 0.0096775 1.33567254789169e-10 21282
"12" 16 51449760 "rs7196814" "A" "G" 0.0085968472255182 0.0033 2.0073581301216 0.445 0.439 0.991 918162.24 344289 1135940 16.4 24 0.2311 0.009832 "A" "G" 0.073533 0.0097723 5.49540873857625e-14 21282
"13" 16 87235916 "rs4240791" "G" "A" 0.0019018072895963 0.0032 0.255863547598753 0.408 0.406 0.983 943460.54 349879 1257213 0 24 0.6344 0.5548 "G" "A" 0.074555 0.0099084 5.50807696405403e-14 21282
"14" 17 27588806 "rs8614" "A" "C" 0.0061013488579762 0.0045 0.740406121114051 0.174 0.176 0.93 943460.54 349879 1257213 10.9 24 0.3078 0.1818 "C" "A" -0.079244 0.012513 2.45697082763684e-10 21282
"15" 19 4985300 "rs197152" "G" "A" -0.0055048206344449 0.0058 0.45742352373947 0.0874 0.0815 0.948 918162.24 344289 1135940 18.4 24 0.2053 0.3488 "G" "A" -0.11486 0.017203 2.50610925303211e-11 21282
"16" 19 17575610 "rs8100064" "G" "A" -0.001099395443301 0.0031 0.145815456166393 0.453 0.442 0.972 967078.32 357636 1281936 35.8 25 0.03747 0.7148 "G" "A" -0.055503 0.0097835 1.42069221286018e-08 21282
"17" 19 45411941 "rs429358" "C" "T" 0.0071047017299317 0.0043 1.01754784861501 0.15 0.162 0.988 967078.32 357636 1281936 36.2 25 0.03518 0.09604 "T" "C" -0.075061 0.013464 2.50957396370284e-08 21282
"18" 22 30953295 "rs2267161" "T" "C" -0.0094040800752939 0.0033 2.34872198600186 0.319 0.318 0.993 943460.54 349879 1257213 0 24 0.4866 0.00448 "C" "T" -0.080528 0.010535 2.19785987278483e-14 21282
"19" 22 32074392 "rs9621316" "C" "T" 0.0037031349243812 0.0055 0.300162274132754 0.0857 0.0827 0.993 967078.32 357636 1281936 39.1 25 0.02282 0.501 "T" "C" 0.10553 0.017716 2.61456835221056e-09 21282
