"CHROM" "POS" "SNP" "A1_y" "A2_y" "b_y" "se_y" "pval(-log10)" "FCAS" "FCON" "IMPINFO" "NEFF" "NCAS" "NCON" "HETI" "HETDF" "HETPVAL" "p_y" "A2" "A1" "b" "se" "P" "N"
"1" 1 153940739 "rs6661009" "C" "A" -0.0060985584618694 0.0031 1.33254704711005 0.474 0.476 0.989 967078.32 357636 1281936 9.3 25 0.329 0.0465 "A" "C" -0.060799 0.0097014 3.75145723462009e-10 21282
"2" 1 205759195 "rs1772159" "A" "G" 0.0011992805754821 0.0031 0.156144577376839 0.4 0.4 0.992 967078.32 357636 1281936 17.2 25 0.2167 0.698 "G" "A" 0.06606 0.0099144 2.7478941531024e-11 21282
"3" 2 190542186 "rs10931430" "T" "C" 0.0050024916227914 0.0034 0.842241113953136 0.275 0.278 0.987 967078.32 357636 1281936 26.5 25 0.1079 0.1438 "T" "C" 0.075575 0.011095 9.93116048420934e-12 21282
"4" 3 13831209 "rs934447" "A" "G" -0.0033045340083004 0.0038 0.420445039599001 0.284 0.28 0.949 940260 348949 1251483 0 23 0.7935 0.3798 "A" "G" -0.067354 0.011182 1.73260674194743e-09 21282
"5" 3 171437153 "rs9290432" "A" "G" 0.0077995046323817 0.0033 1.71242219092129 0.428 0.44 0.988 943460.54 349879 1257213 0 24 0.6891 0.01939 "G" "A" 0.060205 0.0098164 8.76798907488964e-10 21282
"6" 4 38677227 "rs34089598" "C" "A" -0.0051029981759033 0.0032 0.959397659885927 0.401 0.399 0.984 943460.54 349879 1257213 0 24 0.8137 0.1098 "A" "C" -0.072925 0.0098351 1.26473634747115e-13 21282
"7" 6 142425552 "rs7749578" "T" "C" -0.007095110875924 0.0042 1.0420576645546 0.199 0.196 0.962 943460.54 349879 1257213 0 24 0.4756 0.09077 "C" "T" 0.066623 0.012154 4.26186805424161e-08 21282
"8" 11 10458596 "rs1450270" "T" "C" 0 0.0033 0.0037510854308679 0.474 0.474 0.984 943460.54 349879 1257213 0 24 0.9414 0.9914 "T" "C" -0.060897 0.0097924 5.10387465387311e-10 21282
"9" 11 44636833 "rs2303865" "A" "G" 9.99950003332973e-05 0.0052 0.00797697223614937 0.138 0.132 0.846 967078.32 357636 1281936 30 25 0.07568 0.9818 "G" "A" -0.11038 0.014302 1.23310483322891e-14 21282
"10" 11 118947634 "rs540261" "T" "C" 0.004001981379298 0.003 0.724228099835069 0.448 0.458 0.999 956986.66 354629 1245686 0 20 0.9579 0.1887 "C" "T" -0.054506 0.0097752 2.49229817805262e-08 21282
"11" 12 106104357 "rs10861482" "A" "G" 0.0038027603329278 0.0036 0.534765905011986 0.245 0.243 0.993 967078.32 357636 1281936 15.9 25 0.2346 0.2919 "G" "A" 0.062852 0.011172 1.86939036513748e-08 21282
"12" 15 40939652 "rs8041443" "G" "A" 0.0072965552326379 0.0042 1.0670191780768 0.157 0.156 0.983 967078.32 357636 1281936 15.6 25 0.2386 0.0857 "G" "A" 0.084704 0.013434 2.93089324525032e-10 21282
"13" 16 29988349 "rs4283241" "A" "G" -0.0088994831870327 0.0033 2.19722627470802 0.443 0.44 0.993 967078.32 357636 1281936 30.5 25 0.07209 0.00635 "G" "A" -0.066872 0.0096786 5.01187233627271e-12 21282
"14" 19 17575610 "rs8100064" "G" "A" -0.001099395443301 0.0031 0.145815456166393 0.453 0.442 0.972 967078.32 357636 1281936 35.8 25 0.03747 0.7148 "G" "A" -0.054882 0.0097837 2.05399792251063e-08 21282
"15" 22 30953295 "rs2267161" "T" "C" -0.0094040800752939 0.0033 2.34872198600186 0.319 0.318 0.993 943460.54 349879 1257213 0 24 0.4866 0.00448 "C" "T" -0.057956 0.010542 3.89313980701564e-08 21282
