"CHROM" "POS" "SNP" "A1_y" "A2_y" "b_y" "se_y" "pval(-log10)" "FCAS" "FCON" "IMPINFO" "NEFF" "NCAS" "NCON" "HETI" "HETDF" "HETPVAL" "p_y" "A2" "A1" "b" "se" "P" "N"
"1" 1 23899707 "rs2811942" "A" "G" -0.00099950033308342 0.0031 0.130357655348405 0.443 0.452 0.984 967078.32 357636 1281936 0 25 0.9228 0.7407 "A" "G" -0.060821 0.0097467 4.45348506269858e-10 21282
"2" 1 153942597 "rs4845586" "G" "T" -0.0062998021485279 0.0031 1.38711023071252 0.475 0.477 0.988 967078.32 357636 1281936 9.5 25 0.3255 0.04101 "T" "G" -0.077039 0.0096969 2.04173794466953e-15 21282
"3" 1 180943529 "rs1044595" "C" "T" -0.0022973590486834 0.0034 0.308653235865178 0.402 0.397 0.987 943460.54 349879 1257213 26.2 24 0.1143 0.4913 "C" "T" 0.095459 0.0098323 3.0760968147407e-22 21282
"4" 1 205762406 "rs823154" "T" "C" 0.0012991557316201 0.0031 0.172243137021383 0.401 0.4 0.992 967078.32 357636 1281936 17.6 25 0.2121 0.6726 "C" "T" 0.070441 0.009911 1.21898959892487e-12 21282
"5" 2 190546300 "rs11679767" "A" "G" 0.0051029981759033 0.0034 0.84863014975254 0.276 0.279 0.987 967078.32 357636 1281936 26.2 25 0.1102 0.1417 "A" "G" 0.068011 0.011093 8.89201117857948e-10 21282
"6" 2 198569051 "rs4850437" "T" "G" 0.0054950702819798 0.0031 1.12959609472097 0.467 0.45 0.986 967078.32 357636 1281936 0 25 0.5656 0.0742 "T" "G" 0.071499 0.0097559 2.40436280000693e-13 21282
"7" 3 13832611 "rs4685022" "A" "G" -0.0046989426564651 0.0034 0.780415473785745 0.354 0.351 0.975 967078.32 357636 1281936 0 25 0.6103 0.1658 "A" "G" -0.072441 0.010261 1.71395730750843e-12 21282
"8" 3 171437153 "rs9290432" "A" "G" 0.0077995046323817 0.0033 1.71242219092129 0.428 0.44 0.988 943460.54 349879 1257213 0 24 0.6891 0.01939 "G" "A" 0.071612 0.0098128 3.02691342810131e-13 21282
"9" 4 38677227 "rs34089598" "C" "A" -0.0051029981759033 0.0032 0.959397659885927 0.401 0.399 0.984 943460.54 349879 1257213 0 24 0.8137 0.1098 "A" "C" -0.074393 0.0098345 4.05508535448384e-14 21282
"10" 8 27117727 "rs28407392" "A" "C" -0.007004474152883 0.0035 1.32221060893114 0.406 0.401 0.976 841507.98 323949 804611 12.2 23 0.2923 0.04762 "C" "A" 0.060107 0.0099383 1.49039024731726e-09 21282
"11" 9 94696954 "rs7037255" "A" "G" -0.0060985584618694 0.0033 1.22863302914222 0.379 0.379 0.989 918162.24 344289 1135940 4.7 24 0.3959 0.05907 "G" "A" 0.061993 0.010039 6.73596776222943e-10 21282
"12" 11 44636547 "rs7935166" "A" "G" 0.0013990209137074 0.005 0.110194248131915 0.138 0.132 0.896 967078.32 357636 1281936 28.3 25 0.09035 0.7759 "G" "A" -0.12724 0.014262 4.95450190804791e-19 21282
"13" 15 40924578 "rs936580" "A" "G" 0.0072965552326379 0.0043 1.06198090252379 0.153 0.153 0.989 967078.32 357636 1281936 20.4 25 0.1765 0.0867 "A" "G" 0.089948 0.013451 2.333458062281e-11 21282
"14" 15 71152411 "rs11855912" "C" "T" -0.004201162744548 0.0031 0.750801642608887 0.424 0.433 0.983 967078.32 357636 1281936 2.4 25 0.4279 0.1775 "C" "T" -0.05712 0.0099554 9.7319529359228e-09 21282
"15" 16 30102802 "rs3809624" "C" "T" -0.0023026490626755 0.0036 0.288867927693158 0.348 0.364 0.956 943460.54 349879 1257213 36.7 24 0.03548 0.5142 "T" "C" 0.065703 0.010315 1.93463927449229e-10 21282
"16" 16 87235916 "rs4240791" "G" "A" 0.0019018072895963 0.0032 0.255863547598753 0.408 0.406 0.983 943460.54 349879 1257213 0 24 0.6344 0.5548 "G" "A" 0.07465 0.0099084 5.11681835540307e-14 21282
"17" 19 4972868 "rs453531" "C" "G" -0.0066975214477213 0.0058 0.602929450040591 0.0827 0.0757 0.953 967078.32 357636 1281936 13.4 25 0.2697 0.2495 "C" "G" -0.10702 0.017764 1.72464613707425e-09 21282
"18" 19 31036994 "rs6510166" "C" "T" -0.001501126126267 0.004 0.152303979265835 0.193 0.184 0.982 943460.54 349879 1257213 20.6 24 0.1776 0.7042 "T" "C" -0.066382 0.011993 3.15137438020451e-08 21282
"19" 22 30953295 "rs2267161" "T" "C" -0.0094040800752939 0.0033 2.34872198600186 0.319 0.318 0.993 943460.54 349879 1257213 0 24 0.4866 0.00448 "C" "T" -0.072917 0.010538 4.65586093522958e-12 21282
