"CHROM" "POS" "SNP" "A1_y" "A2_y" "b_y" "se_y" "pval(-log10)" "FCAS" "FCON" "IMPINFO" "NEFF" "NCAS" "NCON" "HETI" "HETDF" "HETPVAL" "p_y" "A2" "A1" "b" "se" "P" "N"
"1" 1 153940739 "rs6661009" "C" "A" -0.0060985584618694 0.0031 1.33254704711005 0.474 0.476 0.989 967078.32 357636 1281936 9.3 25 0.329 0.0465 "A" "C" -0.070379 0.0096984 4.10204102986606e-13 21282
"2" 1 180950126 "rs10753232" "T" "C" 0.0028958031120254 0.0034 0.410720778764033 0.405 0.397 0.989 943460.54 349879 1257213 30.4 24 0.07636 0.3884 "C" "T" -0.093468 0.009819 1.92752491319094e-21 21282
"3" 1 205657570 "rs823105" "A" "G" 0.00059982007196754 0.0031 0.0752040042020878 0.445 0.437 0.983 967078.32 357636 1281936 13.5 25 0.2675 0.841 "G" "A" 0.058333 0.0097025 1.8608012966026e-09 21282
"4" 2 190492804 "rs13024726" "A" "G" 0.0040983869261633 0.0042 0.475733731233021 0.172 0.173 0.957 967078.32 357636 1281936 4.8 25 0.3936 0.3344 "A" "G" 0.083115 0.013248 3.59583702605704e-10 21282
"5" 2 198583267 "rs4850438" "A" "G" 0.005304041591906 0.003 1.09226626300234 0.472 0.453 0.989 967078.32 357636 1281936 0 25 0.5464 0.08086 "A" "G" 0.05522 0.0097671 1.59074292375022e-08 21282
"6" 3 13831209 "rs934447" "A" "G" -0.0033045340083004 0.0038 0.420445039599001 0.284 0.28 0.949 940260 348949 1251483 0 23 0.7935 0.3798 "A" "G" -0.089863 0.011174 9.28966386779936e-16 21282
"7" 3 171483730 "rs11711587" "A" "G" 0.0076010387728197 0.0033 1.65130580973446 0.457 0.472 0.99 943460.54 349879 1257213 0 24 0.6903 0.02232 "G" "A" 0.05952 0.0097627 1.10204670396303e-09 21282
"8" 4 38677227 "rs34089598" "C" "A" -0.0051029981759033 0.0032 0.959397659885927 0.401 0.399 0.984 943460.54 349879 1257213 0 24 0.8137 0.1098 "A" "C" -0.085582 0.0098303 3.37287308658868e-18 21282
"9" 6 142390664 "rs17788286" "T" "G" -0.0034961042567088 0.0039 0.442853857681637 0.202 0.199 0.984 967078.32 357636 1281936 19.7 25 0.1844 0.3607 "G" "T" 0.074521 0.011966 4.81282421867602e-10 21282
"10" 11 10458596 "rs1450270" "T" "C" 0 0.0033 0.0037510854308679 0.474 0.474 0.984 943460.54 349879 1257213 0 24 0.9414 0.9914 "T" "C" -0.053764 0.0097944 4.08319386332692e-08 21282
"11" 11 44636833 "rs2303865" "A" "G" 9.99950003332973e-05 0.0052 0.00797697223614937 0.138 0.132 0.846 967078.32 357636 1281936 30 25 0.07568 0.9818 "G" "A" -0.11781 0.014299 1.83653834334834e-16 21282
"12" 15 40936606 "rs6492958" "A" "G" 0.0065010863423599 0.0044 0.85294232897164 0.147 0.148 0.978 967078.32 357636 1281936 22.2 25 0.1544 0.1403 "A" "G" 0.092608 0.013819 2.11348903983664e-11 21282
"13" 16 29994922 "rs3814883" "T" "C" -0.0081027387031859 0.0033 1.84133601918601 0.465 0.46 0.984 943460.54 349879 1257213 33.9 24 0.05101 0.01441 "C" "T" -0.060095 0.0096887 5.65457540687621e-10 21282
"14" 16 51449760 "rs7196814" "A" "G" 0.0085968472255182 0.0033 2.0073581301216 0.445 0.439 0.991 918162.24 344289 1135940 16.4 24 0.2311 0.009832 "A" "G" 0.060712 0.0097764 5.39510622515127e-10 21282
"15" 19 17588518 "rs8113764" "T" "C" 0.0021022080918701 0.0032 0.295506302990701 0.48 0.476 0.981 894544.46 336532 1111217 33.6 23 0.05639 0.5064 "T" "C" -0.053979 0.0097558 3.18493079471872e-08 21282
"16" 22 30953295 "rs2267161" "T" "C" -0.0094040800752939 0.0033 2.34872198600186 0.319 0.318 0.993 943460.54 349879 1257213 0 24 0.4866 0.00448 "C" "T" -0.057521 0.010542 4.91247100450335e-08 21282
