"CHROM" "POS" "SNP" "A1_y" "A2_y" "b_y" "se_y" "pval(-log10)" "FCAS" "FCON" "IMPINFO" "NEFF" "NCAS" "NCON" "HETI" "HETDF" "HETPVAL" "p_y" "A2" "A1" "b" "se" "P" "N"
"1" 1 153942597 "rs4845586" "G" "T" -0.0062998021485279 0.0031 1.38711023071252 0.475 0.477 0.988 967078.32 357636 1281936 9.5 25 0.3255 0.04101 "T" "G" -0.070274 0.0096993 4.45656248397502e-13 21282
"2" 1 180943529 "rs1044595" "C" "T" -0.0022973590486834 0.0034 0.308653235865178 0.402 0.397 0.987 943460.54 349879 1257213 26.2 24 0.1143 0.4913 "C" "T" 0.084976 0.0098369 6.08135001278716e-18 21282
"3" 2 190542687 "rs4667299" "G" "T" 0.0050024916227914 0.0035 0.836838625022982 0.276 0.278 0.987 967078.32 357636 1281936 26.6 25 0.1063 0.1456 "G" "T" 0.067824 0.011098 1.00415325412088e-09 21282
"4" 3 13832611 "rs4685022" "A" "G" -0.0046989426564651 0.0034 0.780415473785745 0.354 0.351 0.975 967078.32 357636 1281936 0 25 0.6103 0.1658 "A" "G" -0.067996 0.010262 3.53183169791957e-11 21282
"5" 3 171483668 "rs11715665" "C" "T" 0.0075017910703226 0.0033 1.63059858630338 0.457 0.472 0.99 943460.54 349879 1257213 0 24 0.6864 0.02341 "T" "C" 0.066139 0.0097609 1.26765186585784e-11 21282
"6" 4 38677227 "rs34089598" "C" "A" -0.0051029981759033 0.0032 0.959397659885927 0.401 0.399 0.984 943460.54 349879 1257213 0 24 0.8137 0.1098 "A" "C" -0.068434 0.0098366 3.5727283815193e-12 21282
"7" 11 44636547 "rs7935166" "A" "G" 0.0013990209137074 0.005 0.110194248131915 0.138 0.132 0.896 967078.32 357636 1281936 28.3 25 0.09035 0.7759 "G" "A" -0.12361 0.014264 4.7973344863669e-18 21282
"8" 11 118938880 "rs584115" "G" "A" 0.004101577021075 0.0031 0.719649306953994 0.446 0.458 0.994 956986.66 354629 1245686 0 20 0.959 0.1907 "A" "G" -0.056232 0.0097775 8.98669495047526e-09 21282
"9" 15 40924578 "rs936580" "A" "G" 0.0072965552326379 0.0043 1.06198090252379 0.153 0.153 0.989 967078.32 357636 1281936 20.4 25 0.1765 0.0867 "A" "G" 0.095321 0.013449 1.40928879842187e-12 21282
"10" 16 29994922 "rs3814883" "T" "C" -0.0081027387031859 0.0033 1.84133601918601 0.465 0.46 0.984 943460.54 349879 1257213 33.9 24 0.05101 0.01441 "C" "T" -0.072671 0.0096846 6.44169265515176e-14 21282
"11" 16 87235916 "rs4240791" "G" "A" 0.0019018072895963 0.0032 0.255863547598753 0.408 0.406 0.983 943460.54 349879 1257213 0 24 0.6344 0.5548 "G" "A" 0.067287 0.0099108 1.1561122421921e-11 21282
"12" 22 30953295 "rs2267161" "T" "C" -0.0094040800752939 0.0033 2.34872198600186 0.319 0.318 0.993 943460.54 349879 1257213 0 24 0.4866 0.00448 "C" "T" -0.074501 0.010537 1.59220872705117e-12 21282
"13" 22 32048655 "rs113037024" "T" "C" 0.0063001125484799 0.0062 0.503208684299958 0.0646 0.063 0.995 967078.32 357636 1281936 19.8 25 0.1832 0.3139 "C" "T" 0.10975 0.019827 3.13906276913766e-08 21282
