"CHROM" "POS" "SNP" "A1_y" "A2_y" "b_y" "se_y" "pval(-log10)" "FCAS" "FCON" "IMPINFO" "NEFF" "NCAS" "NCON" "HETI" "HETDF" "HETPVAL" "p_y" "A2" "A1" "b" "se" "P" "N"
"1" 1 65188498 "rs1926310" "C" "G" -0.0054950702819798 0.0039 0.800793520838342 0.258 0.247 0.945 943460.54 349879 1257213 20.3 24 0.1806 0.1582 "G" "C" 0.070832 0.01159 1.00577306300174e-09 20859
"2" 1 156615114 "rs2365715" "G" "A" -0.00040008002133969 0.0037 0.0437835307566099 0.383 0.377 0.876 950728.64 353083 1235298 15.6 20 0.2554 0.9041 "A" "G" 0.071966 0.010525 8.27942163712333e-12 20859
"3" 4 54032319 "rs6554068" "G" "A" 0.0032954239497972 0.0033 0.4943074925878 0.359 0.346 0.988 918162.24 344289 1135940 0 24 0.9083 0.3204 "G" "A" -0.07353 0.010067 2.89067988236548e-13 20859
"4" 5 81877612 "rs10039529" "G" "A" -0.0020977980821461 0.0032 0.279509931549949 0.37 0.378 0.982 943460.54 349879 1257213 6.6 24 0.3688 0.5254 "G" "A" 0.057906 0.01032 2.03844970264275e-08 20859
"5" 5 82728926 "rs33593" "A" "G" -0.0022973590486834 0.0033 0.311491192343479 0.395 0.392 0.984 967078.32 357636 1281936 5.1 25 0.39 0.4881 "A" "G" -0.061282 0.010135 1.50522006863213e-09 20859
"6" 6 26200677 "rs806794" "G" "A" 0.0098018049722602 0.0035 2.2419969907002 0.299 0.306 1 854797.88 319156 1154385 31.2 19 0.09138 0.005728 "A" "G" -0.074064 0.011069 2.26986485188382e-11 20859
"7" 7 544984 "rs113510314" "C" "T" -0.0022024235552 0.0037 0.25617677839625 0.304 0.32 0.884 914157.64 339841 1200858 7.9 19 0.3576 0.5544 "T" "C" 0.061496 0.010547 5.5962872738197e-09 20859
"8" 8 120919975 "rs13265546" "A" "G" -0.0025966258472659 0.0031 0.409158165218397 0.457 0.463 0.995 967078.32 357636 1281936 15.4 25 0.2418 0.3898 "A" "G" 0.057055 0.009892 8.14516713022619e-09 20859
"9" 8 144977279 "rs4073900" "C" "T" -0.0021022080918701 0.0034 0.263444152837364 0.465 0.459 0.961 933368.9 346872 1220963 0 19 0.894 0.5452 "T" "C" 0.073134 0.0097928 8.45278845160289e-14 20859
"10" 16 993497 "rs2382944" "A" "G" -0.0017014466397575 0.0039 0.182170300254394 0.205 0.199 0.971 967078.32 357636 1281936 0 25 0.9263 0.6574 "G" "A" -0.068644 0.012495 3.98290547901717e-08 20859
"11" 17 44205690 "rs4471723" "T" "C" 0.0164047040252769 0.0039 4.61870437699617 0.198 0.179 0.992 967078.32 357636 1281936 51.5 25 0.001352 2.406e-05 "C" "T" -0.10401 0.011671 5.42000890401626e-19 20859
"12" 22 30950360 "rs2267158" "C" "T" -0.0091012913892029 0.0033 2.1830299622427 0.325 0.326 0.981 943460.54 349879 1257213 0 24 0.4908 0.006561 "T" "C" 0.082771 0.010577 5.30884444230988e-15 20859
"13" 22 38450620 "rs2018980" "A" "G" -0.0075017910703226 0.0033 1.66054855869356 0.366 0.343 0.984 943460.54 349879 1257213 0 24 0.4679 0.02185 "A" "G" 0.094584 0.010113 9.35405674147552e-21 20859
