"CHROM" "POS" "SNP" "A1_y" "A2_y" "b_y" "se_y" "pval(-log10)" "FCAS" "FCON" "IMPINFO" "NEFF" "NCAS" "NCON" "HETI" "HETDF" "HETPVAL" "p_y" "A2" "A1" "b" "se" "P" "N"
"1" 1 156615114 "rs2365715" "G" "A" -0.00040008002133969 0.0037 0.0437835307566099 0.383 0.377 0.876 950728.64 353083 1235298 15.6 20 0.2554 0.9041 "A" "G" 0.071629 0.010525 1.0327614057614e-11 20859
"2" 3 183395135 "rs16857992" "T" "C" -0.0058973552660839 0.0055 0.547753425479563 0.0897 0.0855 0.97 967078.32 357636 1281936 2.7 25 0.4242 0.2833 "C" "T" 0.092691 0.016637 2.559764430599e-08 20859
"3" 4 54032319 "rs6554068" "G" "A" 0.0032954239497972 0.0033 0.4943074925878 0.359 0.346 0.988 918162.24 344289 1135940 0 24 0.9083 0.3204 "G" "A" -0.073768 0.010067 2.42661009508242e-13 20859
"4" 5 81877612 "rs10039529" "G" "A" -0.0020977980821461 0.0032 0.279509931549949 0.37 0.378 0.982 943460.54 349879 1257213 6.6 24 0.3688 0.5254 "G" "A" 0.064446 0.010318 4.30130263382136e-10 20859
"5" 5 82770558 "rs11746859" "G" "A" 0.0047984689115734 0.0033 0.82739706879014 0.445 0.437 0.988 943460.54 349879 1257213 0 24 0.5554 0.1488 "A" "G" -0.072665 0.0098371 1.55955250282695e-13 20859
"6" 6 29048689 "rs3129787" "T" "A" -0.0072965552326379 0.004 1.19743150168604 0.246 0.238 0.987 794815.9 309284 725826 1.9 17 0.4323 0.06347 "A" "T" 0.070439 0.010828 7.94328234724282e-11 20859
"7" 6 112110528 "rs9400505" "C" "T" -0.0045001103249234 0.0046 0.486649201194043 0.132 0.125 0.991 943460.54 349879 1257213 0 24 0.8666 0.3261 "T" "C" 0.078779 0.014274 3.44746606573149e-08 20859
"8" 7 541830 "rs13225457" "A" "G" -0.001300845733048 0.0036 0.139901670301482 0.357 0.374 0.881 914408.02 340031 1200755 22.7 19 0.1753 0.7246 "G" "A" 0.0691 0.010087 7.58577575029185e-12 20859
"9" 8 101677693 "rs1693568" "A" "G" -0.0021022080918701 0.0033 0.283913146225168 0.456 0.446 0.994 918162.24 344289 1135940 0 24 0.4791 0.5201 "G" "A" -0.06124 0.0098125 4.42996199100363e-10 20859
"10" 8 120907990 "rs4871013" "C" "T" -0.0025966258472659 0.0031 0.411168274405793 0.457 0.462 0.994 967078.32 357636 1281936 15.9 25 0.2346 0.388 "C" "T" 0.065801 0.0099013 3.09029543251359e-11 20859
"11" 8 144977279 "rs4073900" "C" "T" -0.0021022080918701 0.0034 0.263444152837364 0.465 0.459 0.961 933368.9 346872 1220963 0 19 0.894 0.5452 "T" "C" 0.058666 0.0097975 2.16072750339329e-09 20859
"12" 9 22026594 "rs613312" "A" "G" -0.00060018007203246 0.0031 0.0680338852718274 0.423 0.423 0.998 967078.32 357636 1281936 0 25 0.7301 0.855 "G" "A" -0.064865 0.0099507 7.26105957435156e-11 20859
"13" 16 99353 "rs77046488" "G" "A" -0.0022024235552 0.0042 0.213177620500813 0.19 0.199 0.91 943460.54 349879 1257213 44 24 0.01038 0.6121 "A" "G" -0.068189 0.012114 1.83653834334835e-08 20859
"14" 16 993497 "rs2382944" "A" "G" -0.0017014466397575 0.0039 0.182170300254394 0.205 0.199 0.971 967078.32 357636 1281936 0 25 0.9263 0.6574 "G" "A" -0.072377 0.012494 7.01778404914989e-09 20859
"15" 22 30950360 "rs2267158" "C" "T" -0.0091012913892029 0.0033 2.1830299622427 0.325 0.326 0.981 943460.54 349879 1257213 0 24 0.4908 0.006561 "T" "C" 0.098892 0.010571 9.16220490121999e-21 20859
"16" 22 31870400 "rs5753639" "T" "C" 0.0051964749068174 0.0033 0.92299567320665 0.314 0.324 0.989 967078.32 357636 1281936 11.2 25 0.3008 0.1194 "C" "T" -0.058432 0.010595 3.52533181195886e-08 20859
"17" 22 38474952 "rs1004763" "C" "T" -0.009197572354042 0.0034 2.17450897012057 0.412 0.39 0.98 943460.54 349879 1257213 0 24 0.4906 0.006691 "C" "T" 0.094332 0.0098779 1.43879857825585e-21 20859
