"CHROM" "POS" "SNP" "A1_y" "A2_y" "b_y" "se_y" "pval(-log10)" "FCAS" "FCON" "IMPINFO" "NEFF" "NCAS" "NCON" "HETI" "HETDF" "HETPVAL" "p_y" "A2" "A1" "b" "se" "P" "N"
"1" 1 46485562 "rs946528" "C" "T" 0.0039979812872983 0.0034 0.606600304706898 0.305 0.29 0.987 918162.24 344289 1135940 0 24 0.9385 0.2474 "C" "T" -0.057637 0.010568 4.9842520940426e-08 20859
"2" 3 183355405 "rs9858528" "G" "A" 0.00019998000266624 0.0037 0.017909760704207 0.254 0.244 0.983 967078.32 357636 1281936 0 25 0.5767 0.9596 "A" "G" 0.080124 0.011134 6.38263486190548e-13 20859
"3" 4 54147973 "rs1481818" "T" "C" 0.0049019951702315 0.0033 0.860750782428393 0.318 0.31 0.998 967078.32 357636 1281936 0 25 0.5522 0.1378 "T" "C" -0.065671 0.010373 2.4905771539521e-10 20859
"4" 4 103188709 "rs13107325" "T" "C" 0.0222995074947669 0.0067 3.09642170633695 0.0626 0.0419 0.993 894544.46 336532 1111217 45.7 23 0.00826 0.0008009 "C" "T" -0.10583 0.019215 3.67705393378215e-08 20859
"5" 5 82770558 "rs11746859" "G" "A" 0.0047984689115734 0.0033 0.82739706879014 0.445 0.437 0.988 943460.54 349879 1257213 0 24 0.5554 0.1488 "A" "G" -0.073191 0.0098369 1.04231742939331e-13 20859
"6" 6 29048689 "rs3129787" "T" "A" -0.0072965552326379 0.004 1.19743150168604 0.246 0.238 0.987 794815.9 309284 725826 1.9 17 0.4323 0.06347 "A" "T" 0.07345 0.010827 1.20226443461741e-11 20859
"7" 7 541830 "rs13225457" "A" "G" -0.001300845733048 0.0036 0.139901670301482 0.357 0.374 0.881 914408.02 340031 1200755 22.7 19 0.1753 0.7246 "G" "A" 0.057375 0.010091 1.31947145719512e-08 20859
"8" 8 101685470 "rs1786337" "A" "G" -0.0031950988965408 0.0036 0.416347891457956 0.373 0.365 0.971 859942.12 326455 1064993 0 23 0.7574 0.3834 "G" "A" -0.061337 0.010278 2.44624527605128e-09 20859
"9" 11 257308 "rs939924" "C" "T" 0.0028958031120254 0.0055 0.221704008911166 0.0994 0.106 0.94 967078.32 357636 1281936 21.5 25 0.163 0.6002 "T" "C" 0.10172 0.017057 2.5089961794654e-09 20859
"10" 12 118443690 "rs11068773" "A" "G" 0.0096037361426946 0.0032 2.61225434039114 0.384 0.39 0.977 967078.32 357636 1281936 0 25 0.6381 0.002442 "G" "A" -0.062688 0.010099 5.49794005063592e-10 20859
"11" 17 42992252 "rs76566528" "A" "G" -0.0066017436345624 0.0045 0.850472986245652 0.15 0.137 0.99 883559.9 334212 1089716 0 24 0.6396 0.1411 "G" "A" 0.10796 0.013766 4.62381021399259e-15 20859
"12" 17 73862646 "rs8081606" "T" "C" 0.012303994456164 0.004 2.69464863055338 0.181 0.173 0.992 967078.32 357636 1281936 33.7 25 0.04956 0.00202 "C" "T" -0.068392 0.012515 4.68597535308626e-08 20859
"13" 22 30667277 "rs9608859" "T" "C" -0.0046989426564651 0.0032 0.855737226238009 0.437 0.438 0.976 943460.54 349879 1257213 0 24 0.8459 0.1394 "T" "C" 0.078321 0.0099105 2.85759054337494e-15 20859
